0.000000
0.000000
0.000000
0.000000
0.000000
0.001179
0.001179
0.002358
0.002358
0.010611
0.016507
0.017686
0.014149
0.016507
0.040088
0.063668
0.076638
0.099040
0.122621
0.173320
0.200438
0.265285
0.320700
0.354893
0.462186
0.464544
0.535286
0.679130
0.690920
0.755768
0.861882
0.965638
1.078826
1.173150
1.302845
1.359439
1.681318
1.736733
1.815729
1.973722
2.058613
2.269662
2.358090
2.610406
2.667000
2.819097
2.972373
3.073771
3.215256
3.291894
3.379143
3.698665
3.705739
3.856657
4.048841
4.019365
4.264606
4.077138
4.338886
4.546398
4.538145
4.587665
4.611246
4.797534
4.706748
4.849413
4.897754
4.777491
4.827011
4.851771
4.993256
4.897754
4.841159
4.716180
4.832906
4.644258
4.620677
4.628931
4.546398
4.538145
4.534607
4.520459
4.388406
4.193863
4.249279
4.137269
3.894386
3.913251
3.789451
3.797704
3.475825
3.597267
3.481720
3.410978
3.238837
3.061980
3.064338
2.922853
2.883944
2.669358
2.572676
2.518440
2.388746
2.272020
2.195382
2.099879
1.989049
1.846385
1.801581
1.671886
1.594069
1.609397
1.449046
1.371230
1.355902
1.256862
1.144853
1.114198
1.061141
0.966817
0.914939
0.812362
0.785244
0.702711
0.690920
0.670877
0.602492
0.567121
0.504631
0.475155
0.418561
0.406771
0.384369
0.365504
0.305373
0.310089
0.238167
0.260569
0.221660
0.208691
0.174499
0.154455
0.168603
0.121442
0.128516
0.102577
0.121442
0.083712
0.093145
0.066027
0.060131
0.053057
0.049520
0.036550
0.038908
0.030655
0.021223
0.020044
0.018865
0.016507
0.021223
0.020044
0.007074
0.010611
0.007074
0.008253
0.004716
0.003537
0.004716
0.004716
0.007074
0.001179
0.001179
0.003537
0.000000
0.000000
0.001179
0.001179
0.001179
0.001179
0.001179
0.000000
0.001179
0.000000
0.000000
0.000000
0.000000
0.000000
0.000000
0.000000
0.000000
0.000000
0.000000
0.000000
0.000000
0.000000
0.000000
0.000000
0.000000
0.000000
