0.000000
73.071167
15.693533
9.407534
6.095967
4.253400
3.135933
2.408533
1.914633
1.563833
1.326500
1.120433
0.955133
0.832333
0.730467
0.643600
0.586867
0.519633
0.472000
0.429900
0.387867
0.366267
0.334267
0.304867
0.289833
0.261233
0.243867
0.231533
0.215333
0.202600
0.197200
0.177600
0.172033
0.167433
0.151200
0.147400
0.141233
0.135467
0.125433
0.120433
0.116867
0.111500
0.105567
0.103267
0.098067
0.095233
0.089900
0.088400
0.085133
0.079367
0.080667
0.076967
0.075167
0.070667
0.072333
0.067067
0.065567
0.063767
0.061667
0.058367
0.055400
0.056700
0.054033
0.052700
0.052633
0.049500
0.049133
0.047500
0.047300
0.044233
0.046033
0.042033
0.042933
0.040467
0.039100
0.037733
0.037600
0.036967
0.037067
0.034733
0.035000
0.034967
0.033667
0.030567
0.032367
0.030433
0.030433
0.028967
0.029400
0.028233
0.028633
0.029467
0.028267
0.027633
0.026233
0.026467
0.025533
0.024900
0.024100
0.023467
0.026033
0.022767
0.021167
0.022167
0.023033
0.020567
0.020967
0.021467
0.021200
0.020833
0.020467
0.020000
0.020300
0.018367
0.018800
0.018800
0.017967
0.018100
0.017533
0.017067
0.018100
0.016867
0.017200
0.017267
0.017200
0.017133
0.016500
0.016400
0.016400
0.014633
0.015867
0.015400
0.014067
0.015067
0.012967
0.014700
0.013433
0.013800
0.013200
0.014200
0.013800
0.014533
0.013433
0.013067
0.011933
0.011467
0.012933
0.011567
0.012733
0.012200
0.011467
0.012533
0.010767
0.010500
0.011300
0.010667
0.011667
0.010833
0.011400
0.010367
0.010067
0.010467
0.010267
0.010533
0.009933
0.010467
0.010267
0.009567
0.010700
0.009433
0.010067
0.009733
0.010267
0.009667
0.010267
0.009167
0.009467
0.008300
0.009200
0.008967
0.008800
0.008267
0.009367
0.008300
0.008500
0.008700
0.008433
0.007867
0.008700
0.007800
0.008400
0.008400
0.008767
0.007600
0.006933
0.007033
0.007233
0.007300
0.007833
0.007667
0.007633
0.007467
0.007100
0.007633
0.007733
0.006733
0.008167
0.007167
0.007133
0.006067
0.006800
0.007267
0.007133
0.007200
0.006300
0.006300
0.006233
0.006767
0.005800
0.005600
0.006433
0.006200
0.006967
0.006667
0.006000
0.005900
0.005100
0.006000
0.006133
0.005400
0.005867
0.006233
0.005800
0.005400
0.005667
0.006200
0.005200
0.005967
0.004700
0.005567
0.006767
0.005833
0.005200
0.004800
0.004100
0.005600
0.005133
0.005033
0.005033
0.005100
0.005467
0.005200
0.004500
0.005167
0.004833
0.005100
0.005267
0.004500
0.004867
0.005667
0.004967
0.003933
0.004833
0.004200
0.004567
0.004500
0.004000
0.004633
0.004567
0.004167
0.003967
0.004567
0.004333
0.004533
0.004167
0.004767
0.004867
0.004500
0.004133
0.003733
0.004367
0.004733
0.004633
0.003900
0.004133
0.003300
0.004633
0.004233
0.003467
0.003500
0.003367
0.003933
0.003600
0.004000
0.003500
0.003000
0.004000
0.004033
0.003833
0.003700
0.004333
0.003767
0.004200
0.004700
0.003333
0.003467
0.004100
0.003633
0.003033
0.003767
0.003933
0.004100
0.003733
0.003633
0.004367
0.003500
0.004000
0.003267
0.002833
0.003167
0.003767
0.003033
0.003800
0.003067
0.003100
0.003467
0.003367
0.003367
0.002800
0.003467
0.003633
0.003033
0.003233
0.002900
0.003067
0.002667
0.002800
0.003167
0.003333
0.003233
0.002467
0.002933
0.003300
0.002800
0.003300
0.003100
0.002767
0.002800
0.003167
0.002567
0.002900
0.002900
0.002967
0.003000
0.002633
0.003067
0.003033
0.002700
0.002867
0.003333
0.002233
0.002500
0.002467
0.002533
0.002767
0.002700
0.002367
0.002467
0.003067
0.003167
0.002633
0.002533
0.002267
0.002733
0.002100
0.002633
0.002567
0.003267
0.003167
0.002567
0.002800
0.002467
0.003000
0.002133
0.002467
0.002500
0.002167
0.002167
0.002433
0.002767
0.002733
0.002767
0.002967
0.003233
0.002267
0.002700
0.002300
0.002300
0.002467
0.002533
0.002500
0.002867
0.002633
0.002000
0.002067
0.002400
0.002100
0.002133
0.002467
0.001600
0.001967
0.002133
0.002200
0.002000
0.002067
0.002067
0.002200
0.001767
0.001900
0.002600
0.002133
0.002300
0.001967
0.002033
0.002133
0.002233
0.002233
0.001800
0.002067
0.002333
0.002600
0.002333
0.002233
0.001833
0.002500
0.002300
0.002100
0.002067
0.001800
0.001933
0.001833
0.001867
0.002233
0.002000
0.002100
0.002200
0.001500
0.002100
0.002100
0.002200
0.001700
0.001833
0.001667
0.002233
0.002033
0.001467
0.001700
0.002100
0.001700
0.001733
0.001900
0.002167
0.002067
0.001867
0.001967
0.001867
0.002300
0.001700
0.001600
0.001733
0.001867
0.001900
0.001533
0.002167
0.001833
0.002000
0.001567
0.001700
0.001533
0.001500
0.001967
0.002200
0.001867
0.001800
0.001567
0.001700
0.001733
0.001767
0.001767
0.001367
0.001967
0.001433
0.001933
0.001933
0.001933
0.001133
0.002000
0.001700
0.001833
0.001567
0.001900
0.001600
0.001767
0.001767
0.001733
0.001367
0.001533
0.001533
0.001367
0.001800
0.001833
0.001800
0.001733
0.001433
0.001667
0.001500
0.001800
0.001800
0.001500
0.001600
0.001400
0.001367
0.001200
0.001367
0.001833
0.001533
0.001700
0.001667
0.001600
0.001667
0.001667
0.001633
0.001767
0.001433
0.001567
0.001567
0.001233
0.001600
0.001400
0.001500
0.001867
0.001733
0.001733
0.001833
0.001000
0.001300
0.001500
0.001600
0.001200
0.001700
0.001267
0.001533
0.001067
0.001000
0.001267
0.001300
0.001333
0.001433
0.001500
0.001667
0.001233
0.001300
0.001500
0.001367
0.001567
0.001233
0.001933
0.001633
0.001033
0.001467
0.001400
0.001800
0.001033
0.001300
0.001367
0.001133
0.001467
0.001167
0.001333
0.001200
0.001300
0.001433
0.001167
0.001400
0.001367
0.001267
0.001833
0.001200
0.001233
0.001367
0.001133
0.001267
0.001500
0.001833
0.001100
0.001100
0.000967
0.000867
0.000967
0.001467
0.000967
0.001567
0.001567
0.001133
0.001433
0.000900
0.001200
0.001233
0.001500
0.001367
0.000933
0.001233
0.001000
0.001433
0.001100
0.000933
0.001567
0.000867
0.001633
0.001367
0.001100
0.001167
0.001400
0.001467
0.001167
0.001633
0.000967
0.001200
0.001200
0.001233
0.001533
0.000800
0.001267
0.001000
0.001033
0.000967
0.001100
0.001267
0.001400
0.001367
0.000833
0.001300
0.001067
0.001167
0.001300
0.000967
0.001333
0.000867
0.000900
0.001367
0.001233
0.001100
0.000967
0.001200
0.001300
0.001333
0.001067
0.001033
0.001133
0.001267
0.001000
0.001033
0.001033
0.000867
0.001233
0.001200
0.000800
0.001200
0.001433
0.001367
0.001300
0.001267
0.001167
0.000800
0.001133
0.001400
0.001033
0.001567
0.000733
0.000700
0.001367
0.001000
0.001400
0.001167
0.001333
0.000933
0.001833
0.001633
0.000867
0.001167
0.001167
0.001167
0.001467
0.001133
0.001267
0.001033
0.001200
0.000800
0.001367
0.000867
0.001433
0.001100
0.001000
0.000733
0.001133
0.001200
0.000767
0.001033
0.001233
0.001400
0.000933
0.000967
0.000800
0.001167
0.000867
0.001000
0.001133
0.001200
0.000933
0.001233
0.001200
0.000900
0.001167
0.000967
0.001233
0.001133
0.001033
0.000867
0.000900
0.001167
0.000833
0.000800
0.000900
0.000867
0.000900
0.000800
0.000967
0.000967
0.000933
0.000733
0.001000
0.001000
0.001100
0.000967
0.000700
0.001067
0.000933
0.001233
0.000933
0.001300
0.001167
0.000833
0.001067
0.000600
0.001167
0.001167
0.001233
0.000767
0.000933
0.001133
0.000800
0.001033
0.000800
0.000933
0.000833
0.000867
0.001100
0.001100
0.001133
0.000833
0.000800
0.000967
0.001233
0.000833
0.001300
0.000833
0.001033
0.000933
0.000833
0.000800
0.001100
0.000800
0.001000
0.000900
0.001033
0.000933
0.001033
0.000533
0.000867
0.001133
0.000833
0.000800
0.001000
0.001067
0.000900
0.000733
0.001167
0.000700
0.000567
0.000800
0.001000
0.000833
0.000933
0.001033
0.001000
0.000633
0.000967
0.000667
0.000967
0.001000
0.001100
0.000833
0.001200
0.000667
0.000867
0.000600
0.000900
0.001233
0.000733
0.000700
0.001267
0.000833
0.000667
0.000900
0.000867
0.000933
0.001067
0.001367
0.001000
0.001000
0.000967
0.000967
0.000600
0.000700
0.000800
0.001133
0.000900
0.000867
0.000967
0.000933
0.001067
0.000967
0.001000
0.001000
0.000567
0.000833
0.001067
0.001067
0.000700
0.000933
0.000600
0.000867
0.000700
0.000800
0.000533
0.000667
0.001000
0.000933
0.001067
0.000967
0.000633
0.001167
0.001000
0.000733
0.000833
0.000700
0.000800
0.000933
0.000767
0.000900
0.000767
0.000933
0.001000
0.000967
0.000900
0.000933
0.001000
0.001000
0.000833
0.000867
0.000933
0.000900
0.000733
0.000833
0.001067
0.001000
0.000800
0.000900
0.000800
0.000967
0.000833
0.000900
0.000933
0.001033
0.000767
0.000767
0.001067
0.000633
0.000567
0.000933
0.000733
0.000633
0.000867
0.000867
0.000700
0.000933
0.000933
0.000867
0.000600
0.000867
0.000967
0.000633
0.000567
0.000533
0.000933
0.000933
0.000667
0.001033
0.001000
0.000800
0.000867
0.000867
0.000967
0.000867
0.001067
0.000867
0.000733
0.001067
0.000767
0.000700
0.000867
0.000600
0.000867
0.000967
0.000967
0.000733
0.000900
0.000633
0.000833
0.000900
0.000867
0.000667
0.000833
0.000667
0.000833
0.000867
0.000667
0.001067
0.000600
0.000600
0.000733
0.000833
0.000967
0.000733
0.000800
0.000700
0.000800
0.001100
0.001033
0.001000
0.000733
0.000900
0.000900
0.000833
0.000700
0.000633
0.000833
0.000667
0.000700
0.000800
0.000833
0.001033
0.000867
0.000867
0.000700
0.000800
0.000633
0.000667
0.000600
0.000933
0.000733
0.000800
0.000933
0.000800
0.000600
0.000567
0.000900
0.000767
0.000800
0.000767
0.000867
0.000567
0.001133
0.000567
0.000567
0.000900
0.001000
0.000633
0.000700
0.000800
0.000633
0.000733
0.000533
0.000667
0.000900
0.000933
0.000600
0.000600
0.000767
0.000633
0.000700
0.000567
0.000800
0.000767
0.000733
0.000700
0.000900
0.000500
0.000667
0.000900
0.000733
0.000800
0.000433
0.000767
0.000667
0.000767
0.000667
0.000700
0.000867
0.000800
0.000967
0.000700
0.000733
0.001067
0.000600
0.001033
0.000933
0.000600
0.001000
0.000933
0.000867
0.000767
0.000600
0.000467
0.000833
0.000767
0.000467
0.000833
0.000467
0.000633
0.000633
0.000733
0.000567
0.000600
0.000800
0.000833
0.000833
0.000767
0.000900
0.000967
0.000667
0.000767
0.000800
0.000733
0.000633
0.000767
0.000733
0.000833
0.000700
0.000633
0.001100
0.000633
0.000533
0.000867
0.000667
0.000767
0.000600
0.000600
0.000600
0.001000
0.000900
0.000933
0.000567
0.000600
0.000900
0.000667
0.001000
0.000600
0.000433
0.000967
0.000767
0.000600
0.000867
0.000800
0.001067
0.000800
0.000567
0.000733
0.000733
0.000767
0.000467
0.000667
0.000767
0.000500
0.000800
0.000600
0.000867
0.000667
0.000867
0.000533
0.000867
0.000733
0.000567
0.000667
0.000767
0.000933
0.000833
0.000600
0.000700
0.000600
0.000800
0.000733
0.000667
0.000667
0.000633
0.000733
0.000633
0.000867
0.000767
0.000633
0.000467
0.000867
0.000633
0.000733
0.000667
0.000967
0.000633
0.000833
0.000700
0.000633
0.000800
0.000667
0.000667
0.000633
0.000867
0.000867
0.000800
0.000967
0.000833
0.000800
0.000667
0.000767
0.001000
0.000733
0.000633
0.000600
0.000833
0.000667
0.000733
0.001033
0.000533
0.000433
0.000800
0.000667
0.001100
0.000967
0.000900
0.000867
0.000700
0.000667
0.000867
0.001100
0.001000
0.000867
0.000700
0.000667
0.000733
0.000733
0.000333
0.000967
0.000567
0.000833
0.000733
0.000867
0.000633
0.000500
0.000867
0.000700
0.000900
0.000467
0.000867
0.000833
0.000900
0.000633
0.000667
0.000800
0.000933
0.000533
0.000667
0.000867
0.000733
0.000667
0.000667
0.000867
0.000867
0.000833
0.000767
0.000933
0.000733
0.000700
0.000633
0.000933
0.000400
0.000600
0.000767
0.000600
0.000800
0.000633
0.000633
0.000833
0.000567
0.000833
0.000800
0.000700
0.000700
0.000767
0.000600
0.000733
0.000900
0.000833
0.000733
0.000667
0.000900
0.000433
0.000633
0.000567
0.000733
0.000500
0.000867
0.000833
0.000833
0.000800
0.000500
0.000733
0.000700
0.000967
0.000700
0.000900
0.000667
0.000433
0.000633
0.000700
0.000967
0.001000
0.000633
0.000667
0.000667
0.000800
0.000767
0.001033
0.000633
0.000833
0.000733
0.000767
0.000667
0.000933
0.000667
0.000800
0.000767
0.000667
0.000967
0.000500
0.000633
0.000800
0.000800
0.000633
0.000500
0.000767
0.000667
0.000767
0.000600
0.000700
0.000633
0.000967
0.000833
0.000800
0.000633
0.000967
0.000500
0.000867
0.000967
0.000533
0.000633
0.000600
0.000933
0.000833
0.000800
0.000767
0.000533
0.000800
0.000900
0.000433
0.000600
0.000833
0.000533
0.000933
0.000800
0.000800
0.000433
0.000833
0.000533
0.000633
0.000500
0.000767
0.001400
0.000733
0.000733
0.000600
0.000567
0.001067
0.000967
0.000500
0.000867
0.000900
0.000700
0.000700
0.000767
0.000633
0.000900
0.000733
0.000667
0.001033
0.000667
0.000467
0.000700
0.000867
0.000667
0.000900
0.000567
0.000833
0.000733
0.000567
0.000967
0.000633
0.000633
0.000833
0.000700
0.000733
0.000667
0.000633
0.000567
0.000533
0.000667
0.000700
0.000467
0.000367
0.000700
0.000867
0.000700
0.000733
0.000400
0.000867
0.000833
0.000767
0.000700
0.000833
0.000733
0.000733
0.000667
0.000767
0.000600
0.000567
0.000933
0.000567
0.000700
0.000800
0.000533
0.001033
0.000900
0.000567
0.000800
0.000633
0.000400
0.000667
0.000900
0.000667
0.000700
0.001100
0.000933
0.000667
0.000467
0.000933
0.000700
0.000733
0.000500
0.001067
0.000633
0.000633
0.000767
0.000533
0.000867
0.000500
0.000700
0.000633
0.000567
0.000833
0.000867
0.000633
0.000700
0.000667
0.000533
0.000600
0.000600
0.000433
0.000233
0.000667
0.000567
0.000533
0.000633
0.000633
0.000633
0.000667
0.000867
0.000600
0.000800
0.000900
0.000533
0.000967
0.000667
0.000633
0.000700
0.000767
0.000667
0.000633
0.000667
0.000833
0.000733
0.000700
0.000467
0.000667
0.000767
0.000833
0.000767
0.000667
0.000800
0.000833
0.000633
0.000667
0.000933
0.000667
0.000700
0.000533
0.000533
0.000500
0.000533
0.000500
0.000500
0.001000
0.000433
0.000800
0.000800
0.000433
0.000767
0.000367
0.000600
0.000733
0.000700
0.000900
0.000567
0.000600
0.000633
0.000767
0.000600
0.000567
0.000933
0.000733
0.000700
0.000567
0.000633
0.000700
0.000533
0.000867
0.000733
0.000667
0.000667
0.000600
0.000600
0.000733
0.000600
0.000667
0.000533
0.000833
0.000367
0.000833
0.000600
0.001000
0.000767
0.000800
0.000733
0.000567
0.000867
0.000633
0.000667
0.000633
0.000700
0.000400
0.000733
0.000767
0.000533
0.000600
0.000700
0.000533
0.000800
0.000600
0.000667
0.000867
0.000633
0.000767
0.000633
0.000700
0.000667
0.000700
0.000667
0.000833
0.000500
0.000367
0.000667
0.000567
0.000533
0.000867
0.000367
0.000567
0.000433
0.000733
0.000633
0.000667
0.000600
0.000967
0.000733
0.000800
0.000700
0.000467
0.000500
0.000467
0.000433
0.000600
0.000567
0.000700
0.000633
0.000533
0.000467
0.000600
0.000667
0.000333
0.001033
0.000633
0.000833
0.000800
0.000567
0.000633
0.000367
0.000933
0.000733
0.000600
0.000633
0.000800
0.000667
0.000467
0.000533
0.000733
0.000567
0.000900
0.000567
0.000700
0.000700
0.000533
0.000567
0.000667
0.000600
0.000767
0.000533
0.000400
0.000633
0.000467
0.000767
0.000833
0.000567
0.001067
0.000867
0.000533
0.000500
0.000733
0.000667
0.000633
0.000800
0.000667
0.000500
0.000967
0.000633
0.000633
0.000700
0.000667
0.000467
0.000433
0.000633
0.000700
0.000700
0.000567
0.000667
0.000533
0.000833
0.000633
0.000567
0.000633
0.000700
0.000500
0.000700
0.000633
0.000600
0.000567
0.000767
0.000667
0.000533
0.000500
0.000467
0.000633
0.000567
0.000500
0.000367
0.000700
0.000500
0.000600
0.000600
0.000533
0.000467
0.000700
0.000733
0.000533
0.000600
0.000467
0.000533
0.000667
0.000833
0.000400
0.000633
0.000667
0.000200
0.000400
0.000500
0.000600
0.000700
0.000600
0.000567
0.000400
0.000567
0.000500
0.000533
0.000667
0.000667
0.000633
0.000467
0.000567
0.000400
0.000433
0.000667
0.000600
0.000400
0.000600
0.000633
0.000500
0.000600
0.000533
0.000633
0.000500
0.000833
0.000400
0.000733
0.000533
0.000800
0.000400
0.000600
0.000500
0.000633
0.000500
0.000467
0.000833
0.000600
0.000400
0.000433
0.000400
0.000500
0.000533
0.000333
0.000367
0.000467
0.000433
0.000433
0.000433
0.000667
0.000500
0.000500
0.000333
0.000567
0.000700
0.000567
0.000600
0.000667
0.000567
0.000400
0.000500
0.000367
0.000400
0.000533
0.000467
0.000633
0.000567
0.000533
0.000500
0.000600
0.000433
0.000500
0.000500
0.000633
0.000700
0.000533
0.000367
0.000833
0.000633
0.000600
0.000500
0.000567
0.000533
0.000567
0.000600
0.000667
0.000600
0.000600
0.000400
0.000433
0.000567
0.000500
0.000600
0.000700
0.000300
0.000667
0.000700
0.000633
0.000400
0.000433
0.000567
0.000667
0.000633
0.000367
0.000567
0.000600
0.000633
0.000467
0.000433
0.000533
0.000300
0.000600
0.000333
0.000633
0.000533
0.000567
0.000533
0.000500
0.000367
0.000533
0.000400
0.000333
0.000400
0.000733
0.000467
0.000633
0.000467
0.000233
0.000367
0.000400
0.000567
0.000567
0.000500
0.000433
0.000633
0.000400
0.000400
0.000567
0.000367
0.000667
0.000367
0.000367
0.000200
0.000367
0.000433
0.000433
0.000667
0.000367
0.000367
0.000333
0.000433
0.000400
0.000400
0.000467
0.000367
0.000467
0.000333
0.000433
0.000667
0.000500
0.000500
0.000433
0.000367
0.000600
0.000333
0.000400
0.000600
0.000467
0.000367
0.000300
0.000433
0.000533
0.000333
0.000233
0.000433
0.000600
0.000533
0.000367
0.000367
0.000533
0.000433
0.000533
0.000300
0.000267
0.000367
0.000400
0.000333
0.000433
0.000433
0.000533
0.000433
0.000400
0.000467
0.000333
0.000667
0.000500
0.000367
0.000267
0.000367
0.000367
0.000367
0.000267
0.000500
0.000400
0.000367
0.000433
0.000467
0.000333
0.000367
0.000433
0.000467
0.000367
0.000467
0.000167
0.000167
0.000300
0.000333
0.000300
0.000367
0.000300
0.000533
0.000333
0.000200
0.000433
0.000233
0.000300
0.000200
0.000333
0.000367
0.000267
0.000200
0.000067
0.000300
0.000333
0.000233
0.000300
0.000267
0.000600
0.000500
0.000367
0.000333
0.000300
0.000400
0.000333
0.000333
0.000200
0.000333
0.000133
0.000500
0.000333
0.000367
0.000167
0.000267
0.000167
0.000267
0.000267
0.000467
0.000100
0.000067
0.000233
0.000433
0.000267
0.000333
0.000200
0.000233
0.000167
0.000400
0.000367
0.000367
0.000133
0.000400
0.000233
0.000233
0.000333
0.000333
0.000267
0.000300
0.000333
0.000367
0.000233
0.000200
0.000200
0.000233
0.000167
0.000333
0.000167
0.000133
0.000167
0.000400
0.000133
0.000133
0.000133
0.000367
0.000233
0.000200
0.000367
0.000133
0.000233
0.000200
0.000167
0.000167
0.000233
0.000100
0.000233
0.000233
0.000067
0.000133
0.000167
0.000367
0.000233
0.000200
0.000267
0.000133
0.000333
0.000200
0.000133
0.000300
0.000100
0.000167
0.000300
0.000200
0.000167
0.000267
0.000133
0.000233
0.000233
0.000267
0.000067
0.000133
0.000400
0.000267
0.000233
0.000267
0.000233
0.000200
0.000267
0.000300
0.000200
0.000233
0.000067
0.000267
0.000233
0.000300
0.000133
0.000267
0.000233
0.000133
0.000333
0.000133
0.000200
0.000233
0.000200
0.000233
0.000100
0.000167
0.000333
0.000200
0.000233
0.000067
0.000133
0.000233
0.000133
0.000033
0.000233
0.000100
0.000133
0.000133
0.000133
0.000067
0.000333
0.000167
0.000233
0.000000
0.000133
0.000133
0.000267
0.000067
0.000133
0.000167
0.000067
0.000267
0.000133
0.000233
0.000200
0.000067
0.000167
0.000133
0.000067
0.000133
0.000200
0.000067
0.000100
0.000167
0.000133
0.000133
0.000000
0.000033
0.000067
0.000100
0.000133
0.000000
0.000100
0.000067
0.000033
0.000067
0.000300
0.000133
0.000233
0.000233
0.000033
0.000133
0.000067
0.000100
0.000100
0.000033
0.000167
0.000067
0.000033
0.000167
0.000067
0.000100
0.000067
0.000167
0.000033
0.000067
0.000033
0.000167
0.000033
0.000167
0.000033
0.000133
0.000167
0.000100
0.000100
0.000100
0.000000
0.000000
0.000033
0.000067
0.000100
0.000133
0.000067
0.000033
0.000033
0.000100
0.000167
0.000167
0.000000
0.000033
0.000200
0.000167
0.000033
0.000100
0.000167
0.000133
0.000233
0.000067
0.000033
0.000033
0.000067
0.000033
0.000067
0.000167
0.000100
0.000067
0.000033
0.000033
0.000067
0.000033
0.000000
0.000133
0.000033
0.000033
0.000033
0.000000
0.000033
0.000067
0.000067
0.000033
0.000000
0.000100
0.000000
0.000100
0.000000
0.000033
0.000033
0.000033
0.000067
0.000033
0.000033
0.000000
0.000033
0.000033
0.000067
0.000000
0.000100
0.000000
0.000067
0.000067
0.000067
0.000033
0.000033
0.000000
0.000000
0.000000
0.000000
0.000100
0.000033
0.000033
0.000067
0.000000
0.000133
0.000067
0.000033
0.000067
0.000000
0.000100
0.000000
0.000033
0.000033
0.000000
0.000000
0.000067
0.000033
0.000000
0.000033
0.000000
0.000000
0.000033
0.000000
0.000000
0.000000
0.000033
0.000000
0.000000
0.000000
0.000000
0.000000
0.000000
0.000033
0.000033
0.000033
0.000033
0.000000
0.000000
0.000033
0.000033
0.000000
0.000000
0.000000
0.000000
0.000067
0.000000
0.000000
0.000000
0.000033
0.000000
0.000000
0.000033
0.000000
0.000000
0.000000
0.000000
0.000000
0.000000
0.000000
0.000033
0.000000
0.000000
0.000000
0.000000
0.000000
0.000000
0.000033
0.000000
0.000000
0.000033
0.000000
0.000000
0.000000
0.000000
0.000033
0.000000
0.000000
0.000000
0.000000
0.000000
0.000033
0.000000
0.000000
0.000000
0.000000
0.000000
0.000000
0.000000
0.000000
0.000000
0.000000
0.000000
0.000000
0.000000
0.000033
0.000000
0.000000
0.000000
0.000000
0.000000
0.000000
0.000000
0.000000
0.000000
0.000000
0.000000
0.000000
0.000000
0.000000
0.000000
0.000000
0.000000
0.000033
0.000000
0.000000
0.000000
0.000000
0.000000
0.000000
0.000000
0.000000
0.000000
0.000000
0.000000
0.000000
0.000000
0.000000
0.000000
0.000033
0.000000
0.000000
0.000000
0.000000
0.000033
0.000000
0.000000
0.000000
0.000000
0.000000
0.000000
0.000000
0.000000
0.000000
0.000000
0.000000
0.000000
0.000000
0.000000
0.000000
0.000000
0.000000
0.000000
0.000000
0.000000
0.000000
0.000000
0.000000
0.000000
0.000000
0.000000
0.000000
0.000000
0.000000
0.000000
0.000000
0.000000
0.000000
0.000000
0.000000
0.000000
0.000000
0.000000
0.000000
0.000000
0.000000
0.000033
0.000000
0.000000
0.000000
0.000000
0.000000
0.000000
0.000000
0.000000
0.000000
0.000000
0.000000
0.000000
0.000000
0.000000
0.000000
0.000000
0.000000
0.000000
0.000000
0.000000
0.000000
0.000000
0.000000
0.000000
0.000000
0.000000
0.000000
0.000000
0.000000
0.000000
0.000000
0.000000
0.000000
0.000000
0.000000
0.000000
0.000000
0.000000
0.000000
0.000000
0.000000
0.000000
0.000000
0.000000
0.000000
0.000000
0.000000
0.000000
0.000000
0.000000
0.000000
0.000000
0.000000
0.000000
0.000000
0.000000
0.000000
0.000000
0.000000
0.000000
0.000000
0.000000
0.000000
0.000000
0.000000
0.000000
0.000000
0.000000
0.000000
0.000000
0.000000
0.000000
0.000000
0.000000
0.000000
0.000000
0.000000
0.000000
0.000000
0.000000
0.000000
0.000000
0.000000
0.000000
0.000000
0.000000
0.000000
0.000000
0.000000
0.000000
0.000000
0.000000
0.000000
0.000000
0.000000
0.000000
0.000000
0.000000
0.000000
0.000000
0.000000
0.000000
0.000000
0.000000
0.000000
0.000000
0.000000
0.000000
0.000000
0.000000
0.000000
0.000000
0.000000
0.000000
0.000000
0.000000
0.000000
0.000000
0.000000
0.000000
0.000000
0.000000
0.000000
0.000000
0.000000
0.000000
0.000000
0.000000
0.000000
0.000000
0.000000
0.000000
0.000000
0.000000
0.000000
0.000000
0.000000
0.000000
0.000000
0.000000
0.000000
0.000000
0.000000
0.000000
0.000000
0.000000
0.000000
0.000000
0.000000
0.000000
0.000000
0.000000
0.000000
0.000000
0.000000
0.000000
0.000000
0.000000
0.000000
0.000000
0.000000
0.000000
0.000000
0.000000
0.000000
0.000000
0.000000
0.000000
0.000000
0.000000
0.000000
0.000000
0.000000
0.000000
0.000000
0.000000
0.000000
0.000000
0.000000
0.000000
0.000000
0.000000
0.000000
0.000000
0.000000
0.000000
0.000000
0.000000
0.000000
0.000000
0.000000
0.000000
0.000000
0.000000
0.000000
0.000000
0.000000
0.000000
0.000000
0.000000
0.000000
0.000000
0.000000
0.000000
0.000000
0.000000
0.000000
0.000000
0.000000
0.000000
0.000000
0.000000
0.000000
0.000000
0.000000
0.000000
0.000000
0.000000
0.000000
0.000000
0.000000
0.000000
0.000000
0.000000
0.000000
0.000000
0.000000
0.000000
0.000000
0.000000
0.000000
0.000000
0.000000
0.000000
0.000000
0.000000
0.000000
0.000000
0.000000
0.000000
0.000000
0.000000
0.000000
0.000000
0.000000
0.000000
0.000000
0.000000
0.000000
0.000000
0.000000
0.000000
0.000000
0.000000
0.000000
0.000000
0.000000
0.000000
0.000000
0.000000
0.000000
0.000000
0.000000
0.000000
0.000000
0.000000
0.000000
0.000000
0.000000
0.000000
0.000000
0.000000
0.000000
0.000000
0.000000
0.000000
0.000000
0.000000
0.000000
0.000000
0.000000
0.000000
0.000000
0.000000
0.000000
0.000000
0.000000
0.000000
0.000000
0.000000
0.000000
0.000000
0.000000
0.000000
0.000000
0.000000
0.000000
0.000000
0.000000
0.000000
0.000000
0.000000
0.000000
0.000000
0.000000
0.000000
0.000000
0.000000
0.000000
0.000000
0.000000
0.000000
0.000000
0.000000
0.000000
0.000000
0.000000
0.000000
0.000000
0.000000
0.000000
0.000000
0.000000
0.000000
0.000000
0.000000
0.000000
0.000000
0.000000
0.000000
0.000000
0.000000
0.000000
0.000000
0.000000
0.000000
0.000000
0.000000
0.000000
0.000000
0.000000
0.000000
0.000000
0.000000
0.000000
0.000000
0.000000
0.000000
0.000000
0.000000
0.000000
0.000000
0.000000
0.000000
0.000000
0.000000
0.000000
0.000000
0.000000
0.000000
0.000000
0.000000
0.000000
0.000000
0.000000
0.000000
0.000000
0.000000
0.000000
0.000000
0.000000
0.000000
0.000000
0.000000
0.000000
0.000000
0.000000
0.000000
0.000000
0.000000
0.000000
0.000000
0.000000
0.000000
0.000000
0.000000
0.000000
0.000000
0.000000
0.000000
0.000000
0.000000
0.000000
0.000000
0.000000
0.000000
0.000000
0.000000
0.000000
0.000000
0.000000
0.000000
0.000000
0.000000
0.000000
0.000000
0.000000
0.000000
0.000000
0.000000
0.000000
0.000000
0.000000
0.000000
0.000000
0.000000
0.000000
0.000000
0.000000
0.000000
0.000000
0.000000
0.000000
0.000000
0.000000
0.000000
0.000000
0.000000
0.000000
0.000000
0.000000
0.000000
0.000000
0.000000
0.000000
0.000000
0.000000
0.000000
0.000000
0.000000
0.000000
0.000000
0.000000
0.000000
0.000000
0.000000
0.000000
0.000000
0.000000
0.000000
0.000000
0.000000
0.000000
0.000000
0.000000
0.000000
0.000000
0.000000
0.000000
0.000000
0.000000
0.000000
0.000000
0.000000
0.000000
0.000000
0.000000
0.000000
0.000000
0.000000
0.000000
0.000000
0.000000
0.000000
0.000000
0.000000
0.000000
0.000000
0.000000
0.000000
0.000000
0.000000
0.000000
0.000000
0.000000
0.000000
0.000000
0.000000
0.000000
0.000000
0.000000
0.000000
0.000000
0.000000
0.000000
0.000000
0.000000
0.000000
0.000000
0.000000
0.000000
0.000000
0.000000
0.000000
0.000000
0.000000
0.000000
0.000000
0.000000
0.000000
0.000000
0.000000
0.000000
0.000000
0.000000
0.000000
0.000000
0.000000
0.000000
0.000000
0.000000
0.000000
0.000000
0.000000
0.000000
0.000000
0.000000
0.000000
0.000000
0.000000
0.000000
0.000000
0.000000
0.000000
0.000000
0.000000
0.000000
0.000000
0.000000
0.000000
0.000000
0.000000
0.000000
0.000000
0.000000
0.000000
0.000000
0.000000
0.000000
0.000000
0.000000
0.000000
0.000000
0.000000
0.000000
0.000000
0.000000
0.000000
0.000000
0.000000
0.000000
0.000000
0.000000
0.000000
0.000000
0.000000
0.000000
0.000000
0.000000
0.000000
0.000000
0.000000
0.000000
0.000000
0.000000
0.000000
0.000000
0.000000
0.000000
0.000000
0.000000
0.000000
0.000000
0.000000
0.000000
0.000000
0.000000
0.000000
0.000000
0.000000
0.000000
0.000000
0.000000
0.000000
0.000000
0.000000
0.000000
0.000000
0.000000
0.000000
0.000000
0.000000
0.000000
0.000000
0.000000
0.000000
0.000000
0.000000
0.000000
0.000000
0.000000
0.000000
0.000000
0.000000
0.000000
0.000000
0.000000
0.000000
0.000000
0.000000
0.000000
0.000000
0.000000
0.000000
0.000000
0.000000
0.000000
0.000000
0.000000
0.000000
0.000000
0.000000
0.000000
0.000000
0.000000
0.000000
0.000000
0.000000
0.000000
0.000000
0.000000
0.000000
0.000000
0.000000
0.000000
0.000000
0.000000
0.000000
0.000000
0.000000
0.000000
0.000000
0.000000
0.000000
0.000000
0.000000
0.000000
0.000000
0.000000
0.000000
0.000000
0.000000
0.000000
0.000000
0.000000
0.000000
0.000000
0.000000
0.000000
0.000000
0.000000
0.000000
0.000000
0.000000
0.000000
0.000000
0.000000
0.000000
0.000000
0.000000
0.000000
0.000000
0.000000
0.000000
0.000000
0.000000
0.000000
0.000000
0.000000
0.000000
0.000000
0.000000
0.000000
0.000000
0.000000
0.000000
0.000000
0.000000
0.000000
0.000000
0.000000
0.000000
0.000000
0.000000
0.000000
0.000000
0.000000
0.000000
0.000000
0.000000
0.000000
0.000000
0.000000
0.000000
0.000000
0.000000
0.000000
0.000000
0.000000
0.000000
0.000000
0.000000
0.000000
0.000000
0.000000
0.000000
0.000000
0.000000
0.000000
0.000000
0.000000
0.000000
0.000000
0.000000
0.000000
0.000000
0.000000
0.000000
0.000000
0.000000
0.000000
0.000000
0.000000
0.000000
0.000000
0.000000
0.000000
0.000000
0.000000
0.000000
0.000000
0.000000
0.000000
0.000000
0.000000
0.000000
0.000000
0.000000
0.000000
0.000000
0.000000
0.000000
0.000000
0.000000
0.000000
0.000000
0.000000
0.000000
0.000000
0.000000
0.000000
0.000000
0.000000
0.000000
0.000000
0.000000
0.000000
0.000000
0.000000
0.000000
0.000000
0.000000
0.000000
0.000000
0.000000
0.000000
0.000000
0.000000
0.000000
0.000000
0.000000
0.000000
0.000000
0.000000
0.000000
0.000000
0.000000
0.000000
0.000000
0.000000
0.000000
0.000000
0.000000
0.000000
0.000000
0.000000
0.000000
0.000000
0.000000
0.000000
0.000000
0.000000
0.000000
0.000000
0.000000
0.000000
0.000000
0.000000
0.000000
0.000000
0.000000
0.000000
0.000000
0.000000
0.000000
0.000000
0.000000
0.000000
0.000000
0.000000
0.000000
0.000000
0.000000
0.000000
0.000000
0.000000
0.000000
0.000000
0.000000
0.000000
0.000000
0.000000
0.000000
0.000000
0.000000
0.000000
0.000000
0.000000
0.000000
0.000000
0.000000
0.000000
0.000000
0.000000
0.000000
0.000000
0.000000
0.000000
0.000000
0.000000
0.000000
0.000000
0.000000
0.000000
0.000000
0.000000
0.000000
0.000000
0.000000
0.000000
0.000000
0.000000
0.000000
0.000000
0.000000
0.000000
0.000000
0.000000
0.000000
0.000000
0.000000
0.000000
0.000000
0.000000
0.000000
0.000000
0.000000
0.000000
0.000000
0.000000
0.000000
0.000000
0.000000
0.000000
0.000000
0.000000
0.000000
0.000000
0.000000
0.000000
0.000000
0.000000
0.000000
0.000000
0.000000
0.000000
0.000000
0.000000
0.000000
0.000000
0.000000
0.000000
0.000000
0.000000
0.000000
0.000000
0.000000
0.000000
0.000000
0.000000
0.000000
0.000000
0.000000
0.000000
0.000000
0.000000
0.000000
0.000000
0.000000
0.000000
0.000000
0.000000
0.000000
0.000000
0.000000
0.000000
0.000000
0.000000
0.000000
0.000000
0.000000
0.000000
0.000000
0.000000
0.000000
0.000000
0.000000
0.000000
0.000000
0.000000
0.000000
0.000000
0.000000
0.000000
0.000000
0.000000
0.000000
0.000000
0.000000
0.000000
0.000000
0.000000
0.000000
0.000000
0.000000
0.000000
0.000000
0.000000
0.000000
0.000000
0.000000
0.000000
0.000000
0.000000
0.000000
0.000000
0.000000
0.000000
0.000000
0.000000
0.000000
0.000000
0.000000
0.000000
0.000000
0.000000
0.000000
0.000000
0.000000
0.000000
0.000000
0.000000
0.000000
0.000000
0.000000
0.000000
0.000000
0.000000
0.000000
0.000000
0.000000
0.000000
0.000000
0.000000
0.000000
0.000000
0.000000
0.000000
0.000000
0.000000
0.000000
0.000000
0.000000
0.000000
0.000000
0.000000
0.000000
0.000000
0.000000
0.000000
0.000000
0.000000
0.000000
0.000000
0.000000
0.000000
0.000000
0.000000
0.000000
0.000000
0.000000
0.000000
0.000000
0.000000
0.000000
0.000000
0.000000
0.000000
0.000000
0.000000
0.000000
0.000000
0.000000
0.000000
0.000000
0.000000
0.000000
0.000000
0.000000
0.000000
0.000000
0.000000
0.000000
0.000000
0.000000
0.000000
0.000000
0.000000
0.000000
0.000000
0.000000
0.000000
0.000000
0.000000
0.000000
0.000000
0.000000
0.000000
0.000000
0.000000
0.000000
0.000000
0.000000
0.000000
0.000000
0.000000
0.000000
0.000000
0.000000
0.000000
0.000000
0.000000
0.000000
0.000000
0.000000
0.000000
0.000000
0.000000
0.000000
0.000000
0.000000
0.000000
0.000000
0.000000
0.000000
0.000000
0.000000
0.000000
0.000000
0.000000
0.000000
0.000000
0.000000
0.000000
0.000000
0.000000
0.000000
0.000000
0.000000
0.000000
0.000000
0.000000
0.000000
0.000000
0.000000
0.000000
0.000000
0.000000
0.000000
0.000000
0.000000
0.000000
0.000000
0.000000
0.000000
0.000000
0.000000
0.000000
0.000000
0.000000
0.000000
0.000000
0.000000
0.000000
0.000000
0.000000
0.000000
0.000000
0.000000
0.000000
0.000000
0.000000
0.000000
0.000000
0.000000
0.000000
0.000000
0.000000
0.000000
0.000000
0.000000
0.000000
0.000000
0.000000
0.000000
0.000000
0.000000
0.000000
0.000000
0.000000
0.000000
0.000000
0.000000
0.000000
0.000000
0.000000
0.000000
0.000000
0.000000
0.000000
0.000000
0.000000
0.000000
0.000000
0.000000
0.000000
0.000000
0.000000
0.000000
0.000000
0.000000
0.000000
0.000000
0.000000
0.000000
0.000000
0.000000
0.000000
0.000000
0.000000
0.000000
0.000000
0.000000
0.000000
0.000000
0.000000
0.000000
0.000000
0.000000
0.000000
0.000000
0.000000
0.000000
0.000000
0.000000
0.000000
0.000000
0.000000
0.000000
0.000000
0.000000
0.000000
0.000000
0.000000
0.000000
0.000000
0.000000
0.000000
0.000000
0.000000
0.000000
0.000000
0.000000
0.000000
0.000000
0.000000
0.000000
0.000000
0.000000
0.000000
0.000000
0.000000
0.000000
0.000000
0.000000
0.000000
0.000000
0.000000
0.000000
0.000000
0.000000
0.000000
0.000000
0.000000
0.000000
0.000000
0.000000
0.000000
0.000000
0.000000
0.000000
0.000000
0.000000
0.000000
0.000000
0.000000
0.000000
0.000000
0.000000
0.000000
0.000000
0.000000
0.000000
0.000000
0.000000
0.000000
0.000000
0.000000
0.000000
0.000000
0.000000
0.000000
0.000000
0.000000
0.000000
0.000000
0.000000
0.000000
0.000000
0.000000
0.000000
0.000000
0.000000
0.000000
0.000000
0.000000
0.000000
0.000000
0.000000
0.000000
0.000000
0.000000
0.000000
0.000000
0.000000
0.000000
0.000000
0.000000
0.000000
0.000000
0.000000
0.000000
0.000000
0.000000
0.000000
0.000000
0.000000
0.000000
0.000000
0.000000
0.000000
0.000000
0.000000
0.000000
0.000000
0.000000
0.000000
0.000000
0.000000
0.000000
0.000000
0.000000
0.000000
0.000000
0.000000
0.000000
0.000000
0.000000
0.000000
0.000000
0.000000
0.000000
0.000000
0.000000
0.000000
0.000000
0.000000
0.000000
0.000000
0.000000
0.000000
0.000000
0.000000
0.000000
0.000000
0.000000
0.000000
0.000000
0.000000
0.000000
0.000000
0.000000
0.000000
0.000000
0.000000
0.000000
0.000000
0.000000
0.000000
0.000000
0.000000
0.000000
0.000000
0.000000
0.000000
0.000000
0.000000
0.000000
0.000000
0.000000
0.000000
0.000000
0.000000
0.000000
0.000000
0.000000
0.000000
0.000000
0.000000
0.000000
0.000000
0.000000
0.000000
0.000000
0.000000
0.000000
0.000000
0.000000
0.000000
0.000000
0.000000
0.000000
0.000000
0.000000
0.000000
0.000000
0.000000
0.000000
0.000000
0.000000
0.000000
0.000000
0.000000
0.000000
0.000000
0.000000
0.000000
0.000000
0.000000
0.000000
0.000000
0.000000
0.000000
0.000000
0.000000
0.000000
0.000000
0.000000
0.000000
0.000000
0.000000
0.000000
0.000000
0.000000
0.000000
0.000000
0.000000
0.000000
0.000000
0.000000
0.000000
0.000000
0.000000
0.000000
0.000000
0.000000
0.000000
0.000000
0.000000
0.000000
0.000000
0.000000
0.000000
0.000000
0.000000
0.000000
0.000000
0.000000
0.000000
0.000000
0.000000
0.000000
0.000000
0.000000
0.000000
0.000000
0.000000
0.000000
0.000000
0.000000
0.000000
0.000000
0.000000
0.000000
0.000000
0.000000
0.000000
0.000000
0.000000
0.000000
0.000000
0.000000
0.000000
0.000000
0.000000
0.000000
0.000000
0.000000
0.000000
0.000000
0.000000
0.000000
0.000000
0.000000
0.000000
0.000000
0.000000
0.000000
0.000000
0.000000
0.000000
0.000000
0.000000
0.000000
0.000000
0.000000
0.000000
0.000000
0.000000
0.000000
0.000000
0.000000
0.000000
0.000000
0.000000
0.000000
0.000000
0.000000
0.000000
0.000000
0.000000
0.000000
0.000000
0.000000
0.000000
0.000000
0.000000
0.000000
0.000000
0.000000
0.000000
0.000000
0.000000
0.000000
0.000000
0.000000
0.000000
0.000000
0.000000
0.000000
0.000000
0.000000
0.000000
0.000000
0.000000
0.000000
0.000000
0.000000
0.000000
0.000000
0.000000
0.000000
0.000000
0.000000
0.000000
0.000000
0.000000
0.000000
0.000000
0.000000
0.000000
0.000000
0.000000
0.000000
0.000000
0.000000
0.000000
0.000000
0.000000
0.000000
0.000000
0.000000
0.000000
0.000000
0.000000
0.000000
0.000000
0.000000
0.000000
0.000000
0.000000
0.000000
0.000000
0.000000
0.000000
0.000000
0.000000
0.000000
0.000000
0.000000
0.000000
0.000000
0.000000
0.000000
0.000000
0.000000
0.000000
0.000000
0.000000
0.000000
0.000000
0.000000
0.000000
0.000000
0.000000
0.000000
0.000000
0.000000
0.000000
0.000000
0.000000
0.000000
0.000000
0.000000
0.000000
0.000000
0.000000
0.000000
0.000000
0.000000
0.000000
0.000000
0.000000
0.000000
0.000000
0.000000
0.000000
0.000000
0.000000
0.000000
0.000000
0.000000
0.000000
0.000000
0.000000
0.000000
0.000000
0.000000
0.000000
0.000000
0.000000
0.000000
0.000000
0.000000
0.000000
0.000000
0.000000
0.000000
0.000000
0.000000
0.000000
0.000000
0.000000
0.000000
0.000000
0.000000
0.000000
0.000000
0.000000
0.000000
0.000000
0.000000
0.000000
0.000000
0.000000
0.000000
0.000000
0.000000
0.000000
0.000000
0.000000
0.000000
0.000000
0.000000
0.000000
0.000000
0.000000
0.000000
0.000000
0.000000
0.000000
0.000000
0.000000
0.000000
0.000000
0.000000
0.000000
0.000000
0.000000
0.000000
0.000000
0.000000
0.000000
0.000000
0.000000
0.000000
0.000000
0.000000
0.000000
0.000000
0.000000
0.000000
0.000000
0.000000
0.000000
0.000000
0.000000
0.000000
0.000000
0.000000
0.000000
0.000000
0.000000
0.000000
0.000000
0.000000
0.000000
0.000000
0.000000
0.000000
0.000000
0.000000
0.000000
0.000000
0.000000
0.000000
0.000000
0.000000
0.000000
0.000000
0.000000
0.000000
0.000000
0.000000
0.000000
0.000000
0.000000
0.000000
0.000000
0.000000
0.000000
0.000000
0.000000
0.000000
0.000000
0.000000
0.000000
0.000000
0.000000
0.000000
0.000000
0.000000
0.000000
0.000000
0.000000
0.000000
0.000000
0.000000
0.000000
0.000000
0.000000
0.000000
0.000000
0.000000
0.000000
0.000000
0.000000
0.000000
0.000000
0.000000
0.000000
0.000000
0.000000
0.000000
