0.000000
6.059480
1.575620
0.990650
0.674620
0.480380
0.369800
0.291610
0.235770
0.196180
0.169090
0.146000
0.127620
0.111540
0.099410
0.091830
0.082160
0.074100
0.070630
0.062890
0.058710
0.054050
0.050240
0.046350
0.044460
0.040580
0.039790
0.037170
0.034140
0.031460
0.032040
0.028970
0.027350
0.026920
0.025410
0.024230
0.023480
0.023260
0.020440
0.020660
0.019740
0.019940
0.019100
0.018320
0.017850
0.017180
0.016150
0.015860
0.016370
0.016100
0.014110
0.014090
0.014420
0.014040
0.013850
0.013170
0.012780
0.012720
0.013510
0.012360
0.012540
0.011670
0.011600
0.011740
0.011520
0.011630
0.011610
0.011890
0.010480
0.010800
0.010570
0.011180
0.010880
0.010570
0.009800
0.010370
0.010580
0.009780
0.009580
0.010200
0.010600
0.010200
0.009600
0.009350
0.009950
0.009330
0.009600
0.009580
0.009350
0.010040
0.009610
0.009140
0.008990
0.009110
0.009190
0.008920
0.009160
0.009010
0.009050
0.008610
0.008780
0.008730
0.008920
0.008440
0.008540
0.009020
0.008680
0.008560
0.008390
0.008590
0.008750
0.008290
0.008420
0.008360
0.008020
0.008290
0.008310
0.008110
0.007430
0.008050
0.007840
0.007810
0.007880
0.007200
0.007090
0.007110
0.007150
0.007050
0.006670
0.006880
0.006680
0.006660
0.006250
0.006210
0.006330
0.006000
0.005670
0.005200
0.005050
0.005140
0.004510
0.004920
0.004830
0.004410
0.004000
0.003880
0.003250
0.003320
0.003140
0.002770
0.002690
0.002560
0.002470
0.002230
0.001980
0.001750
0.001370
0.001680
0.001270
0.001050
0.000970
0.000680
0.000700
0.000640
0.000660
0.000340
0.000400
0.000190
0.000270
0.000160
0.000120
0.000090
0.000080
0.000060
0.000020
0.000040
0.000020
0.000010
0.000010
0.000000
0.000000
0.000000
0.000000
0.000000
0.000000
0.000000
0.000000
0.000000
0.000000
0.000000
0.000000
0.000000
0.000000
0.000000
0.000000
0.000000
0.000000
0.000000
0.000000
0.000000
0.000000
0.000000
0.000000
0.000000
0.000000
0.000000
0.000000
0.000000
0.000000
0.000000
0.000000
0.000000
0.000000
0.000000
0.000000
0.000000
0.000000
0.000000
0.000000
0.000000
0.000000
0.000000
0.000000
0.000000
0.000000
0.000000
0.000000
0.000000
0.000000
0.000000
0.000000
0.000000
0.000000
0.000000
0.000000
0.000000
0.000000
0.000000
0.000000
0.000000
0.000000
0.000000
0.000000
0.000000
0.000000
0.000000
0.000000
0.000000
0.000000
0.000000
0.000000
0.000000
0.000000
0.000000
0.000000
0.000000
