0.000000
19.705311
4.519460
2.768520
1.854680
1.297300
0.966790
0.756800
0.611250
0.505710
0.427120
0.367180
0.311940
0.274360
0.243100
0.218110
0.193070
0.178500
0.158910
0.145730
0.134690
0.122370
0.114910
0.106660
0.097740
0.092410
0.087650
0.079590
0.075810
0.071610
0.067560
0.064970
0.061460
0.058260
0.056160
0.052070
0.049470
0.048060
0.045060
0.043950
0.042380
0.041540
0.038790
0.036620
0.036050
0.034920
0.032840
0.031960
0.031010
0.030770
0.028830
0.027840
0.026830
0.027330
0.026250
0.024660
0.024100
0.023430
0.023080
0.022480
0.021180
0.021100
0.020140
0.019990
0.019390
0.019180
0.019080
0.017820
0.017740
0.016720
0.016930
0.016370
0.015850
0.015250
0.015440
0.015210
0.014940
0.014290
0.014030
0.014160
0.012750
0.013570
0.012760
0.012890
0.011720
0.011970
0.011390
0.012290
0.012100
0.011500
0.011290
0.010610
0.010830
0.010570
0.010790
0.010360
0.010190
0.009790
0.009930
0.009320
0.009680
0.009490
0.008380
0.008660
0.008710
0.008910
0.008380
0.009010
0.008630
0.008420
0.008080
0.007890
0.008200
0.008180
0.007960
0.007990
0.007660
0.007320
0.007370
0.006950
0.007020
0.007230
0.007560
0.007060
0.006970
0.006820
0.006810
0.006630
0.006620
0.006400
0.006020
0.005630
0.005910
0.005890
0.005820
0.005690
0.006130
0.006040
0.005760
0.005900
0.005990
0.005670
0.005590
0.005600
0.005640
0.005200
0.005530
0.005510
0.005070
0.004980
0.004860
0.004800
0.005520
0.004750
0.004830
0.004930
0.004920
0.004930
0.004800
0.004560
0.005060
0.004340
0.004550
0.004360
0.004340
0.004480
0.004580
0.004820
0.004150
0.004190
0.004420
0.004710
0.004350
0.004050
0.004160
0.004220
0.004280
0.003950
0.004600
0.003900
0.003840
0.003640
0.003850
0.003740
0.003980
0.003540
0.003950
0.004370
0.004150
0.003760
0.003520
0.003620
0.003850
0.003860
0.003380
0.003990
0.003550
0.003400
0.003840
0.003610
0.003640
0.003230
0.003430
0.003620
0.003470
0.003250
0.003610
0.003390
0.003290
0.003640
0.003360
0.003280
0.003360
0.003230
0.003280
0.003440
0.003290
0.003040
0.003450
0.003220
0.003340
0.003060
0.003400
0.003360
0.002920
0.003160
0.003580
0.003280
0.003250
0.003110
0.003050
0.003000
0.003190
0.002820
0.002920
0.003180
0.003170
0.003090
0.002870
0.003080
0.002860
0.002680
0.002950
0.002920
0.002920
0.003030
0.002980
0.002850
0.002960
0.003100
0.002880
0.003060
0.003250
0.003000
0.002850
0.002910
0.002670
0.002780
0.003130
0.003170
0.002830
0.002590
0.002840
0.002920
0.002690
0.002920
0.002870
0.002950
0.003000
0.002660
0.002860
0.002560
0.002710
0.002470
0.002740
0.002780
0.002660
0.002830
0.002530
0.002730
0.002660
0.002470
0.002840
0.002690
0.002490
0.002990
0.003090
0.002570
0.002830
0.002850
0.002440
0.002420
0.002870
0.002600
0.002740
0.002470
0.002710
0.002580
0.002680
0.002610
0.002740
0.002610
0.002390
0.002370
0.002530
0.002750
0.002860
0.002600
0.002410
0.002570
0.002270
0.002490
0.002560
0.002850
0.002580
0.002540
0.002670
0.002850
0.002490
0.002580
0.002380
0.002610
0.002620
0.002530
0.002670
0.002710
0.002740
0.002720
0.002590
0.002400
0.002550
0.002240
0.002460
0.002590
0.002720
0.002910
0.002660
0.002450
0.002590
0.002590
0.002680
0.002660
0.002740
0.002510
0.002620
0.002710
0.002560
0.002600
0.002480
0.002430
0.002670
0.002730
0.002500
0.002430
0.002570
0.002710
0.002450
0.002660
0.002310
0.002450
0.002480
0.002600
0.002400
0.002770
0.002370
0.002230
0.002650
0.002500
0.002460
0.002600
0.002490
0.002350
0.002750
0.002450
0.002440
0.002520
0.002670
0.002460
0.002600
0.002330
0.002720
0.002630
0.002430
0.002730
0.002280
0.002400
0.002670
0.002770
0.002620
0.002480
0.002460
0.002790
0.002890
0.002730
0.002510
0.002480
0.002570
0.002490
0.002590
0.002460
0.002440
0.002430
0.002360
0.002670
0.002200
0.002380
0.002240
0.002490
0.002510
0.002480
0.002540
0.002490
0.002710
0.002400
0.002150
0.002240
0.002520
0.002320
0.002420
0.002760
0.002220
0.002290
0.002610
0.001820
0.002410
0.002390
0.002220
0.002340
0.002580
0.002600
0.002530
0.002270
0.002410
0.002380
0.002120
0.002550
0.002390
0.002580
0.002310
0.002450
0.002270
0.002290
0.002360
0.002460
0.002340
0.002200
0.002160
0.002440
0.002070
0.002580
0.002490
0.002150
0.002190
0.002100
0.002370
0.002090
0.002230
0.002140
0.002520
0.002070
0.002200
0.002140
0.002060
0.002500
0.002140
0.001990
0.002130
0.002090
0.002220
0.002270
0.002040
0.002280
0.002060
0.001910
0.002290
0.001990
0.002240
0.002290
0.002150
0.002350
0.001890
0.001940
0.002040
0.001960
0.001980
0.002080
0.001950
0.001880
0.001860
0.001760
0.001980
0.001820
0.001780
0.001760
0.001980
0.001640
0.001680
0.001600
0.001720
0.001870
0.001690
0.001800
0.001680
0.001500
0.001630
0.001640
0.001530
0.001520
0.001370
0.001690
0.001540
0.001420
0.001630
0.001390
0.001390
0.001530
0.001390
0.001400
0.001290
0.001440
0.001260
0.001340
0.001230
0.001310
0.001240
0.001160
0.001240
0.001220
0.001440
0.001020
0.001040
0.001020
0.001190
0.001000
0.001030
0.000990
0.001020
0.000800
0.001160
0.001090
0.001010
0.000980
0.001020
0.000860
0.000890
0.001120
0.000940
0.000870
0.000820
0.000840
0.000830
0.000840
0.000770
0.000610
0.000600
0.000710
0.000620
0.000640
0.000640
0.000720
0.000610
0.000550
0.000480
0.000650
0.000480
0.000510
0.000560
0.000550
0.000450
0.000500
0.000570
0.000560
0.000530
0.000320
0.000370
0.000390
0.000420
0.000280
0.000250
0.000280
0.000290
0.000330
0.000220
0.000190
0.000250
0.000290
0.000290
0.000190
0.000180
0.000210
0.000210
0.000220
0.000190
0.000120
0.000100
0.000100
0.000160
0.000140
0.000090
0.000180
0.000100
0.000100
0.000070
0.000090
0.000060
0.000070
0.000050
0.000090
0.000110
0.000070
0.000100
0.000040
0.000040
0.000070
0.000040
0.000020
0.000060
0.000030
0.000030
0.000030
0.000000
0.000020
0.000040
0.000000
0.000010
0.000010
0.000020
0.000010
0.000020
0.000010
0.000020
0.000000
0.000020
0.000000
0.000000
0.000000
0.000010
0.000000
0.000010
0.000010
0.000000
0.000000
0.000000
0.000010
0.000000
0.000000
0.000010
0.000000
0.000000
0.000000
0.000000
0.000000
0.000000
0.000000
0.000000
0.000000
0.000000
0.000000
0.000000
0.000000
0.000000
0.000000
0.000000
0.000000
0.000000
0.000000
0.000000
0.000000
0.000000
0.000000
0.000000
0.000000
0.000000
0.000000
0.000000
0.000000
0.000000
0.000000
0.000000
0.000000
0.000000
0.000000
0.000000
0.000000
0.000000
0.000000
0.000000
0.000000
0.000000
0.000000
0.000000
0.000000
0.000000
0.000000
0.000000
0.000000
0.000000
0.000000
0.000000
0.000000
0.000000
0.000000
0.000000
0.000000
0.000000
0.000000
0.000000
0.000000
0.000000
0.000000
0.000000
0.000000
0.000000
0.000000
0.000000
0.000000
0.000000
0.000000
0.000000
0.000000
0.000000
0.000000
0.000000
0.000000
0.000000
0.000000
0.000000
0.000000
0.000000
0.000000
0.000000
0.000000
0.000000
0.000000
0.000000
0.000000
0.000000
0.000000
0.000000
0.000000
0.000000
0.000000
0.000000
0.000000
0.000000
0.000000
0.000000
0.000000
0.000000
0.000000
0.000000
0.000000
0.000000
0.000000
0.000000
0.000000
0.000000
0.000000
0.000000
0.000000
0.000000
0.000000
0.000000
0.000000
0.000000
0.000000
0.000000
0.000000
0.000000
0.000000
0.000000
0.000000
0.000000
0.000000
0.000000
0.000000
0.000000
0.000000
0.000000
0.000000
0.000000
0.000000
0.000000
0.000000
0.000000
0.000000
0.000000
0.000000
0.000000
0.000000
0.000000
0.000000
0.000000
0.000000
0.000000
0.000000
0.000000
0.000000
0.000000
0.000000
0.000000
0.000000
0.000000
0.000000
0.000000
0.000000
0.000000
0.000000
0.000000
0.000000
0.000000
0.000000
0.000000
0.000000
0.000000
0.000000
0.000000
0.000000
0.000000
0.000000
0.000000
0.000000
0.000000
0.000000
0.000000
0.000000
0.000000
0.000000
0.000000
0.000000
0.000000
0.000000
0.000000
0.000000
0.000000
0.000000
0.000000
0.000000
0.000000
0.000000
0.000000
0.000000
0.000000
0.000000
0.000000
0.000000
0.000000
0.000000
0.000000
0.000000
0.000000
0.000000
0.000000
0.000000
0.000000
0.000000
0.000000
0.000000
0.000000
0.000000
0.000000
0.000000
0.000000
0.000000
0.000000
0.000000
0.000000
0.000000
0.000000
0.000000
0.000000
0.000000
0.000000
0.000000
0.000000
0.000000
0.000000
0.000000
0.000000
0.000000
0.000000
0.000000
0.000000
0.000000
0.000000
0.000000
0.000000
0.000000
0.000000
0.000000
0.000000
0.000000
0.000000
0.000000
0.000000
0.000000
0.000000
0.000000
0.000000
0.000000
0.000000
0.000000
0.000000
0.000000
0.000000
0.000000
0.000000
0.000000
0.000000
0.000000
0.000000
0.000000
0.000000
0.000000
0.000000
0.000000
0.000000
0.000000
0.000000
0.000000
0.000000
0.000000
0.000000
0.000000
0.000000
0.000000
0.000000
0.000000
0.000000
0.000000
0.000000
0.000000
0.000000
0.000000
0.000000
0.000000
0.000000
0.000000
0.000000
0.000000
0.000000
0.000000
0.000000
0.000000
0.000000
0.000000
0.000000
0.000000
0.000000
0.000000
0.000000
0.000000
0.000000
0.000000
0.000000
0.000000
0.000000
0.000000
0.000000
0.000000
0.000000
0.000000
0.000000
0.000000
0.000000
0.000000
0.000000
0.000000
0.000000
0.000000
0.000000
0.000000
0.000000
0.000000
0.000000
0.000000
0.000000
0.000000
0.000000
0.000000
0.000000
0.000000
0.000000
0.000000
0.000000
0.000000
0.000000
0.000000
0.000000
0.000000
0.000000
0.000000
0.000000
0.000000
0.000000
0.000000
0.000000
0.000000
0.000000
0.000000
0.000000
0.000000
0.000000
0.000000
0.000000
0.000000
0.000000
0.000000
0.000000
0.000000
0.000000
0.000000
0.000000
0.000000
0.000000
0.000000
0.000000
0.000000
0.000000
0.000000
0.000000
0.000000
0.000000
0.000000
