0.000000
73.165077
15.714980
9.378890
6.071690
4.240720
3.129360
2.408780
1.918430
1.582350
1.311080
1.114300
0.959310
0.831530
0.737810
0.644600
0.581560
0.527040
0.471340
0.431210
0.391160
0.359390
0.337560
0.307510
0.284570
0.267430
0.250070
0.230850
0.218180
0.203460
0.192550
0.181020
0.171060
0.163870
0.156440
0.147940
0.141220
0.133790
0.126610
0.121160
0.115760
0.108850
0.105700
0.101630
0.097240
0.094340
0.090470
0.087330
0.083770
0.082060
0.079220
0.077260
0.072250
0.072660
0.068470
0.066190
0.066010
0.061900
0.060570
0.058840
0.056550
0.055280
0.053950
0.052340
0.052690
0.049240
0.047780
0.047590
0.045160
0.045580
0.044510
0.043320
0.042420
0.041270
0.040580
0.039490
0.038500
0.036830
0.035740
0.036300
0.035430
0.034490
0.033900
0.032850
0.032020
0.031660
0.030400
0.030400
0.029810
0.029250
0.028290
0.027760
0.026760
0.027380
0.026710
0.025800
0.025470
0.024330
0.023720
0.024110
0.023820
0.023790
0.022420
0.022650
0.021920
0.022080
0.021350
0.021130
0.020390
0.019930
0.020450
0.020520
0.019890
0.019550
0.018720
0.018690
0.018170
0.017890
0.017770
0.017540
0.017530
0.017140
0.016830
0.016810
0.016970
0.016710
0.015680
0.016400
0.014730
0.015190
0.015240
0.014520
0.014520
0.014520
0.014060
0.014030
0.013630
0.013850
0.013490
0.013110
0.012760
0.013150
0.013520
0.012630
0.012330
0.012450
0.012040
0.012180
0.012190
0.011370
0.012110
0.011750
0.011070
0.011430
0.011380
0.010880
0.011040
0.010700
0.011110
0.010810
0.010480
0.010470
0.010550
0.010780
0.009780
0.010360
0.009600
0.010170
0.009650
0.009670
0.009940
0.009720
0.009720
0.009040
0.009050
0.009260
0.008730
0.009150
0.008770
0.008730
0.008380
0.008780
0.008710
0.008270
0.007830
0.008600
0.008240
0.008420
0.008000
0.007800
0.008280
0.007800
0.007710
0.007630
0.007980
0.007650
0.008100
0.007510
0.007620
0.007250
0.007310
0.006870
0.006960
0.007410
0.007150
0.007170
0.006960
0.006770
0.006530
0.006940
0.006820
0.006610
0.006600
0.006370
0.006780
0.006670
0.006600
0.006460
0.005920
0.005890
0.006420
0.006170
0.006000
0.006180
0.006100
0.006370
0.005640
0.006070
0.005650
0.005840
0.005930
0.005210
0.005640
0.006020
0.005120
0.005820
0.005500
0.005800
0.005590
0.005140
0.005290
0.005360
0.005570
0.005300
0.005450
0.005200
0.005370
0.005200
0.005240
0.005090
0.005230
0.004920
0.005030
0.005190
0.004770
0.004980
0.004800
0.004800
0.004770
0.004730
0.004820
0.005080
0.004480
0.004230
0.004340
0.004590
0.004420
0.004560
0.004900
0.004680
0.004650
0.004840
0.003960
0.004660
0.004440
0.003970
0.004410
0.003870
0.004640
0.004630
0.003990
0.004160
0.004430
0.004080
0.003980
0.003840
0.004260
0.004320
0.004260
0.004130
0.004260
0.004120
0.004110
0.003870
0.004140
0.003880
0.004150
0.003680
0.003860
0.003770
0.003800
0.003800
0.003800
0.003480
0.003260
0.003690
0.003500
0.003750
0.003560
0.003550
0.003250
0.003670
0.003370
0.003380
0.003470
0.003280
0.003910
0.003100
0.003130
0.003380
0.003350
0.003540
0.003260
0.003730
0.003220
0.003290
0.003390
0.003690
0.003360
0.003260
0.003280
0.003220
0.003220
0.003170
0.003520
0.003020
0.002970
0.002850
0.003250
0.002810
0.003170
0.003270
0.003000
0.002870
0.002920
0.002940
0.002810
0.002870
0.003050
0.003290
0.002920
0.002720
0.002810
0.003100
0.002870
0.002940
0.002880
0.003000
0.003120
0.002650
0.002940
0.002840
0.002870
0.003110
0.002680
0.002750
0.002770
0.002750
0.002740
0.002800
0.002240
0.002670
0.002910
0.002710
0.002450
0.002350
0.003010
0.002580
0.002590
0.002630
0.002660
0.002500
0.002480
0.002420
0.002760
0.002470
0.002610
0.002600
0.002440
0.002560
0.002480
0.002430
0.002370
0.002330
0.002300
0.002710
0.002530
0.002460
0.002390
0.002470
0.002460
0.002380
0.002370
0.002450
0.002370
0.002460
0.002290
0.002290
0.002220
0.002270
0.001950
0.002100
0.002430
0.002200
0.002120
0.002090
0.002400
0.002230
0.002340
0.002050
0.002490
0.002470
0.002140
0.001900
0.002230
0.002490
0.002250
0.002010
0.002020
0.002150
0.002080
0.002280
0.002410
0.001950
0.002310
0.001960
0.001930
0.002180
0.002020
0.001960
0.002170
0.001970
0.002320
0.001730
0.001810
0.001920
0.001960
0.002210
0.002160
0.001970
0.001690
0.001800
0.001670
0.002070
0.001720
0.002050
0.001920
0.001900
0.002010
0.001950
0.002060
0.001720
0.001990
0.001940
0.001780
0.002060
0.001980
0.001710
0.002060
0.001600
0.001790
0.001750
0.001710
0.001840
0.001740
0.001610
0.001950
0.001840
0.001630
0.001790
0.001770
0.001810
0.001670
0.001630
0.001610
0.001750
0.001670
0.001640
0.001640
0.001570
0.001860
0.001830
0.001630
0.001730
0.001820
0.001770
0.001870
0.001930
0.001630
0.001670
0.001580
0.001780
0.001610
0.001640
0.001620
0.001550
0.001770
0.001660
0.001710
0.001510
0.001500
0.001590
0.001550
0.001700
0.001600
0.001570
0.001740
0.001670
0.001670
0.001700
0.001500
0.001670
0.001520
0.001690
0.001540
0.001480
0.001910
0.001740
0.001550
0.001600
0.001730
0.001450
0.001390
0.001700
0.001830
0.001560
0.001590
0.001640
0.001710
0.001580
0.001620
0.001490
0.001560
0.001610
0.001460
0.001600
0.001450
0.001270
0.001480
0.001620
0.001290
0.001210
0.001460
0.001540
0.001470
0.001460
0.001560
0.001400
0.001400
0.001590
0.001250
0.001420
0.001390
0.001520
0.001400
0.001610
0.001280
0.001310
0.001530
0.001370
0.001410
0.001390
0.001220
0.001340
0.001490
0.001130
0.001210
0.001340
0.001210
0.001370
0.001070
0.001140
0.001500
0.001420
0.001280
0.001460
0.001400
0.001430
0.001390
0.001190
0.001310
0.001280
0.001410
0.001290
0.001390
0.001300
0.001380
0.001280
0.001380
0.001380
0.001200
0.001490
0.001280
0.001190
0.001120
0.001250
0.001300
0.001320
0.001070
0.001210
0.001270
0.001120
0.001180
0.001370
0.001340
0.001470
0.001220
0.001220
0.001420
0.001330
0.001010
0.000990
0.001280
0.001330
0.001140
0.001180
0.001190
0.001300
0.001370
0.001180
0.001110
0.001210
0.001330
0.001190
0.001250
0.001100
0.001180
0.001330
0.001100
0.001240
0.001340
0.001170
0.001260
0.001180
0.001000
0.001150
0.001090
0.001240
0.001270
0.001230
0.001080
0.001120
0.001190
0.001240
0.001020
0.001090
0.001070
0.001100
0.001250
0.001120
0.001000
0.001130
0.001120
0.001240
0.001140
0.001200
0.001120
0.001250
0.001120
0.001340
0.001260
0.001110
0.000930
0.001160
0.001000
0.000990
0.001150
0.001330
0.000930
0.001180
0.001340
0.001010
0.001110
0.000950
0.001080
0.000970
0.001110
0.001080
0.001100
0.001160
0.001260
0.001160
0.001060
0.001240
0.000980
0.001060
0.001130
0.000880
0.000940
0.001140
0.001020
0.001040
0.001060
0.001210
0.001070
0.001070
0.001110
0.001010
0.001120
0.001250
0.001000
0.000880
0.001030
0.001240
0.001100
0.000890
0.000760
0.001010
0.001040
0.000990
0.000940
0.000940
0.001000
0.001050
0.001060
0.000970
0.000960
0.000750
0.000940
0.001020
0.001090
0.001000
0.001050
0.000970
0.000750
0.001010
0.001090
0.000970
0.001040
0.001020
0.000990
0.000870
0.000900
0.001050
0.000980
0.000840
0.001100
0.001060
0.001030
0.000940
0.001030
0.000980
0.001030
0.001070
0.000990
0.000960
0.000920
0.001010
0.000830
0.000910
0.000940
0.001020
0.001080
0.000940
0.000960
0.000800
0.000820
0.000900
0.000910
0.000880
0.001000
0.000970
0.000870
0.000910
0.000880
0.001060
0.001130
0.001010
0.000910
0.001030
0.000960
0.001180
0.000830
0.000900
0.001040
0.001050
0.000890
0.000870
0.000850
0.000780
0.000930
0.000790
0.000960
0.000910
0.000960
0.000880
0.000900
0.001040
0.000940
0.000810
0.001020
0.000740
0.000890
0.001080
0.000800
0.000860
0.000920
0.000910
0.000830
0.000910
0.000920
0.000920
0.001000
0.000810
0.000900
0.000900
0.000840
0.000830
0.000980
0.000860
0.000920
0.000900
0.000940
0.000840
0.000860
0.000890
0.000870
0.000990
0.000960
0.000800
0.000820
0.000880
0.000900
0.000840
0.000920
0.000840
0.000810
0.000770
0.000840
0.001040
0.000880
0.000780
0.000940
0.000820
0.000830
0.001000
0.000890
0.000910
0.000940
0.000800
0.000840
0.000750
0.000920
0.000920
0.000770
0.000910
0.000690
0.000930
0.001110
0.000780
0.000770
0.000950
0.000880
0.000850
0.000900
0.000860
0.000780
0.000870
0.000810
0.001080
0.000930
0.001190
0.000780
0.000810
0.000830
0.000860
0.000800
0.000890
0.000780
0.001000
0.001010
0.000930
0.001110
0.000920
0.000780
0.000870
0.001040
0.000900
0.000840
0.000870
0.000820
0.000850
0.000880
0.000690
0.000960
0.000660
0.000650
0.000820
0.000830
0.000790
0.000680
0.000810
0.000860
0.000920
0.000770
0.000830
0.000850
0.000880
0.000880
0.000910
0.000870
0.000870
0.000910
0.000820
0.000770
0.000890
0.000810
0.000900
0.000780
0.000920
0.000960
0.000920
0.000700
0.000770
0.000770
0.000870
0.000790
0.000770
0.000780
0.000970
0.000670
0.000780
0.000680
0.000810
0.000840
0.000910
0.000820
0.000810
0.000850
0.000800
0.000810
0.000850
0.000790
0.000850
0.000730
0.000830
0.000840
0.000720
0.000800
0.000680
0.000700
0.000970
0.000980
0.000960
0.000820
0.000740
0.000810
0.000940
0.000760
0.000820
0.000710
0.000750
0.000710
0.000770
0.000600
0.000730
0.000930
0.000820
0.000660
0.000770
0.000910
0.000780
0.000840
0.000850
0.000830
0.000760
0.000790
0.000830
0.000800
0.000940
0.000840
0.000850
0.000780
0.000690
0.000800
0.000810
0.000960
0.000920
0.000630
0.000730
0.000830
0.000660
0.000960
0.000630
0.000780
0.000720
0.000600
0.000640
0.000790
0.000710
0.000830
0.001000
0.000930
0.000790
0.000860
0.000810
0.000970
0.000860
0.000770
0.000710
0.000800
0.000680
0.000780
0.000760
0.000890
0.000780
0.000890
0.000890
0.000850
0.000760
0.000860
0.000870
0.000690
0.001140
0.000760
0.000930
0.000670
0.000980
0.000780
0.000700
0.000900
0.000870
0.000520
0.000810
0.000730
0.000860
0.000730
0.000710
0.000710
0.000800
0.000880
0.000770
0.000660
0.000630
0.000720
0.000710
0.000740
0.000700
0.000710
0.000810
0.000860
0.000710
0.000750
0.000610
0.000810
0.000620
0.000620
0.000820
0.000750
0.000670
0.000780
0.000710
0.000780
0.000750
0.000820
0.000710
0.000910
0.000750
0.000750
0.000890
0.000890
0.000820
0.000710
0.001010
0.000780
0.000900
0.000740
0.000760
0.000650
0.000790
0.000620
0.000830
0.000800
0.000760
0.000740
0.000820
0.000840
0.000800
0.000660
0.000940
0.000620
0.000810
0.000820
0.000860
0.000640
0.000930
0.000820
0.000750
0.000770
0.000780
0.000660
0.000640
0.000710
0.000730
0.000710
0.000860
0.000820
0.000770
0.000590
0.000780
0.000800
0.000730
0.000690
0.000630
0.000720
0.000800
0.000680
0.000720
0.000800
0.000790
0.000670
0.000810
0.000760
0.000730
0.000800
0.000660
0.000740
0.000800
0.000860
0.000660
0.000710
0.000690
0.000830
0.000900
0.000760
0.000790
0.000650
0.000620
0.000760
0.000670
0.000660
0.000840
0.000720
0.000690
0.000720
0.000690
0.000850
0.000740
0.000770
0.000640
0.000620
0.000710
0.000820
0.000720
0.000640
0.000660
0.000790
0.000750
0.000660
0.000780
0.000770
0.000680
0.000750
0.000690
0.000580
0.000910
0.000680
0.000520
0.000730
0.000720
0.000710
0.000950
0.000770
0.000760
0.000640
0.000650
0.000840
0.000790
0.000840
0.000640
0.000760
0.000770
0.000730
0.000670
0.000850
0.000660
0.000830
0.000600
0.000600
0.000760
0.000690
0.000770
0.000540
0.000700
0.000780
0.000720
0.000860
0.000700
0.000790
0.000620
0.000630
0.000690
0.000630
0.000630
0.000790
0.000690
0.000700
0.000730
0.000670
0.000780
0.000760
0.000820
0.000520
0.000790
0.000580
0.000810
0.000710
0.000870
0.000660
0.000760
0.000760
0.000890
0.000720
0.000680
0.000820
0.000550
0.000650
0.000840
0.000750
0.000780
0.000750
0.000810
0.000680
0.000770
0.000740
0.000800
0.000690
0.000760
0.000740
0.000770
0.000600
0.000620
0.000600
0.000760
0.000850
0.000690
0.000690
0.000870
0.000730
0.000560
0.000750
0.000710
0.000820
0.000780
0.000630
0.000670
0.000560
0.000640
0.000820
0.000690
0.000720
0.000770
0.000800
0.000630
0.000740
0.000710
0.000630
0.000700
0.000610
0.000690
0.000560
0.000760
0.000860
0.000700
0.000610
0.000740
0.000710
0.000700
0.000790
0.000740
0.000630
0.000800
0.000760
0.000850
0.000710
0.000680
0.000810
0.000740
0.000640
0.000710
0.000700
0.000710
0.000910
0.000670
0.000630
0.000730
0.000620
0.000760
0.000710
0.000800
0.000720
0.000690
0.000550
0.000820
0.000630
0.000730
0.000560
0.000700
0.000670
0.000840
0.000670
0.000650
0.000590
0.000610
0.000820
0.000730
0.000760
0.000860
0.000690
0.000730
0.000710
0.000760
0.000640
0.000630
0.000600
0.000670
0.000640
0.000670
0.000720
0.000620
0.000620
0.000650
0.000690
0.000610
0.000620
0.000780
0.000580
0.000680
0.000680
0.000740
0.000710
0.000630
0.000750
0.000680
0.000740
0.000660
0.000800
0.000730
0.000680
0.000780
0.000580
0.000590
0.000540
0.000800
0.000700
0.000690
0.000700
0.000640
0.000600
0.000630
0.000680
0.000720
0.000710
0.000760
0.000800
0.000550
0.000790
0.000560
0.000610
0.000830
0.000750
0.000730
0.000730
0.000620
0.000630
0.000730
0.000640
0.000880
0.000630
0.000700
0.000750
0.000790
0.000760
0.000750
0.000760
0.000530
0.000820
0.000730
0.000610
0.000710
0.000800
0.000900
0.000790
0.000550
0.000710
0.000710
0.000640
0.000710
0.000700
0.000700
0.000720
0.000750
0.000780
0.000730
0.000850
0.000700
0.000790
0.000790
0.000640
0.000750
0.000640
0.000760
0.000830
0.000700
0.000650
0.000640
0.000700
0.000620
0.000720
0.000670
0.000700
0.000720
0.000730
0.000690
0.000670
0.000820
0.000660
0.000650
0.000660
0.000680
0.000680
0.000750
0.000720
0.000800
0.000660
0.000610
0.000680
0.000780
0.000690
0.000630
0.000550
0.000560
0.000610
0.000780
0.000660
0.000620
0.000640
0.000580
0.000740
0.000600
0.000540
0.000610
0.000580
0.000670
0.000620
0.000600
0.000590
0.000750
0.000590
0.000680
0.000580
0.000610
0.000580
0.000740
0.000590
0.000660
0.000640
0.000790
0.000580
0.000590
0.000630
0.000650
0.000620
0.000740
0.000740
0.000610
0.000700
0.000750
0.000640
0.000610
0.000500
0.000720
0.000600
0.000700
0.000670
0.000670
0.000670
0.000690
0.000760
0.000740
0.000570
0.000580
0.000630
0.000800
0.000680
0.000660
0.000670
0.000820
0.000560
0.000750
0.000650
0.000580
0.000590
0.000700
0.000690
0.000580
0.000580
0.000480
0.000580
0.000590
0.000640
0.000580
0.000540
0.000610
0.000620
0.000640
0.000680
0.000650
0.000530
0.000690
0.000830
0.000540
0.000660
0.000640
0.000620
0.000660
0.000680
0.000540
0.000590
0.000650
0.000600
0.000530
0.000580
0.000560
0.000610
0.000810
0.000610
0.000540
0.000580
0.000770
0.000630
0.000650
0.000600
0.000750
0.000670
0.000650
0.000520
0.000740
0.000590
0.000580
0.000900
0.000790
0.000730
0.000570
0.000730
0.000630
0.000560
0.000630
0.000620
0.000740
0.000480
0.000610
0.000510
0.000700
0.000690
0.000600
0.000640
0.000510
0.000550
0.000660
0.000570
0.000540
0.000620
0.000560
0.000530
0.000740
0.000400
0.000490
0.000580
0.000640
0.000600
0.000710
0.000670
0.000780
0.000510
0.000620
0.000610
0.000690
0.000500
0.000730
0.000490
0.000630
0.000560
0.000520
0.000600
0.000620
0.000630
0.000720
0.000570
0.000640
0.000610
0.000580
0.000580
0.000570
0.000680
0.000490
0.000620
0.000610
0.000620
0.000610
0.000660
0.000630
0.000660
0.000550
0.000430
0.000600
0.000570
0.000560
0.000620
0.000590
0.000620
0.000690
0.000560
0.000520
0.000670
0.000630
0.000700
0.000570
0.000730
0.000730
0.000620
0.000530
0.000500
0.000590
0.000560
0.000740
0.000660
0.000590
0.000540
0.000650
0.000660
0.000490
0.000510
0.000710
0.000760
0.000460
0.000670
0.000660
0.000740
0.000670
0.000680
0.000590
0.000720
0.000640
0.000530
0.000560
0.000630
0.000660
0.000560
0.000500
0.000580
0.000590
0.000600
0.000650
0.000680
0.000630
0.000470
0.000550
0.000490
0.000670
0.000580
0.000550
0.000650
0.000600
0.000550
0.000610
0.000550
0.000590
0.000660
0.000550
0.000570
0.000580
0.000500
0.000620
0.000570
0.000580
0.000490
0.000560
0.000560
0.000640
0.000480
0.000430
0.000640
0.000680
0.000570
0.000480
0.000460
0.000600
0.000560
0.000620
0.000490
0.000650
0.000510
0.000620
0.000550
0.000700
0.000670
0.000450
0.000530
0.000540
0.000510
0.000560
0.000510
0.000610
0.000570
0.000620
0.000650
0.000560
0.000480
0.000500
0.000680
0.000520
0.000680
0.000570
0.000450
0.000490
0.000380
0.000500
0.000510
0.000480
0.000420
0.000580
0.000480
0.000510
0.000470
0.000450
0.000430
0.000500
0.000510
0.000710
0.000490
0.000540
0.000400
0.000380
0.000620
0.000650
0.000440
0.000570
0.000540
0.000510
0.000470
0.000470
0.000490
0.000380
0.000490
0.000590
0.000460
0.000420
0.000420
0.000620
0.000510
0.000510
0.000460
0.000600
0.000370
0.000470
0.000440
0.000450
0.000610
0.000530
0.000400
0.000550
0.000410
0.000440
0.000410
0.000280
0.000470
0.000490
0.000530
0.000530
0.000420
0.000570
0.000510
0.000420
0.000550
0.000480
0.000350
0.000460
0.000430
0.000440
0.000470
0.000490
0.000340
0.000510
0.000500
0.000390
0.000370
0.000490
0.000430
0.000520
0.000480
0.000300
0.000330
0.000420
0.000470
0.000540
0.000470
0.000380
0.000400
0.000440
0.000460
0.000490
0.000350
0.000560
0.000400
0.000380
0.000470
0.000380
0.000430
0.000590
0.000400
0.000310
0.000420
0.000450
0.000430
0.000550
0.000420
0.000340
0.000410
0.000410
0.000450
0.000390
0.000310
0.000450
0.000370
0.000650
0.000510
0.000400
0.000480
0.000450
0.000300
0.000370
0.000410
0.000360
0.000400
0.000410
0.000370
0.000350
0.000590
0.000370
0.000410
0.000390
0.000430
0.000450
0.000510
0.000250
0.000400
0.000460
0.000400
0.000430
0.000330
0.000370
0.000410
0.000400
0.000470
0.000370
0.000410
0.000360
0.000250
0.000370
0.000410
0.000420
0.000260
0.000290
0.000230
0.000370
0.000260
0.000350
0.000250
0.000380
0.000320
0.000360
0.000330
0.000330
0.000330
0.000370
0.000290
0.000410
0.000230
0.000420
0.000220
0.000290
0.000240
0.000280
0.000370
0.000340
0.000310
0.000290
0.000270
0.000350
0.000270
0.000400
0.000210
0.000380
0.000350
0.000270
0.000250
0.000170
0.000270
0.000340
0.000260
0.000260
0.000320
0.000190
0.000310
0.000300
0.000380
0.000350
0.000400
0.000250
0.000350
0.000290
0.000290
0.000270
0.000260
0.000270
0.000280
0.000260
0.000260
0.000190
0.000200
0.000310
0.000340
0.000280
0.000280
0.000240
0.000290
0.000230
0.000260
0.000260
0.000190
0.000250
0.000240
0.000270
0.000370
0.000250
0.000270
0.000220
0.000240
0.000170
0.000260
0.000160
0.000270
0.000220
0.000220
0.000300
0.000240
0.000160
0.000210
0.000280
0.000250
0.000150
0.000300
0.000180
0.000170
0.000180
0.000210
0.000250
0.000180
0.000200
0.000220
0.000230
0.000210
0.000250
0.000190
0.000170
0.000220
0.000150
0.000160
0.000290
0.000190
0.000190
0.000160
0.000210
0.000220
0.000230
0.000210
0.000170
0.000270
0.000250
0.000220
0.000160
0.000180
0.000270
0.000170
0.000180
0.000210
0.000160
0.000140
0.000140
0.000180
0.000100
0.000200
0.000160
0.000200
0.000170
0.000130
0.000170
0.000160
0.000210
0.000210
0.000180
0.000180
0.000180
0.000110
0.000230
0.000160
0.000270
0.000150
0.000210
0.000140
0.000200
0.000080
0.000140
0.000160
0.000120
0.000120
0.000100
0.000100
0.000150
0.000100
0.000170
0.000140
0.000120
0.000190
0.000090
0.000110
0.000200
0.000130
0.000200
0.000110
0.000130
0.000170
0.000080
0.000140
0.000160
0.000150
0.000160
0.000090
0.000150
0.000070
0.000080
0.000110
0.000110
0.000120
0.000140
0.000120
0.000070
0.000070
0.000140
0.000070
0.000090
0.000090
0.000100
0.000090
0.000110
0.000080
0.000130
0.000150
0.000140
0.000050
0.000070
0.000130
0.000100
0.000100
0.000090
0.000070
0.000060
0.000060
0.000090
0.000070
0.000130
0.000030
0.000060
0.000140
0.000140
0.000130
0.000110
0.000100
0.000090
0.000090
0.000090
0.000050
0.000030
0.000090
0.000100
0.000070
0.000080
0.000050
0.000130
0.000080
0.000030
0.000110
0.000050
0.000090
0.000050
0.000090
0.000010
0.000110
0.000030
0.000070
0.000070
0.000050
0.000020
0.000040
0.000070
0.000030
0.000040
0.000030
0.000080
0.000040
0.000060
0.000080
0.000040
0.000070
0.000060
0.000070
0.000030
0.000020
0.000030
0.000030
0.000050
0.000050
0.000060
0.000080
0.000040
0.000020
0.000050
0.000030
0.000060
0.000030
0.000060
0.000040
0.000020
0.000030
0.000050
0.000050
0.000000
0.000050
0.000040
0.000020
0.000000
0.000040
0.000040
0.000020
0.000000
0.000110
0.000020
0.000030
0.000040
0.000020
0.000050
0.000010
0.000060
0.000020
0.000010
0.000100
0.000020
0.000010
0.000040
0.000040
0.000000
0.000050
0.000050
0.000040
0.000000
0.000020
0.000020
0.000020
0.000030
0.000040
0.000020
0.000030
0.000020
0.000020
0.000010
0.000040
0.000040
0.000000
0.000020
0.000000
0.000030
0.000010
0.000020
0.000020
0.000010
0.000000
0.000000
0.000020
0.000000
0.000010
0.000010
0.000000
0.000030
0.000020
0.000020
0.000010
0.000000
0.000010
0.000010
0.000010
0.000000
0.000000
0.000010
0.000010
0.000010
0.000020
0.000010
0.000010
0.000010
0.000010
0.000010
0.000020
0.000010
0.000010
0.000020
0.000000
0.000010
0.000000
0.000000
0.000000
0.000000
0.000010
0.000000
0.000000
0.000000
0.000020
0.000000
0.000000
0.000020
0.000000
0.000000
0.000010
0.000000
0.000010
0.000000
0.000000
0.000000
0.000000
0.000000
0.000000
0.000000
0.000000
0.000010
0.000000
0.000010
0.000010
0.000000
0.000000
0.000000
0.000010
0.000000
0.000010
0.000000
0.000010
0.000000
0.000000
0.000010
0.000000
0.000000
0.000000
0.000000
0.000000
0.000010
0.000000
0.000010
0.000000
0.000020
0.000000
0.000000
0.000000
0.000000
0.000000
0.000000
0.000000
0.000000
0.000000
0.000020
0.000010
0.000000
0.000000
0.000000
0.000000
0.000000
0.000000
0.000000
0.000000
0.000000
0.000000
0.000000
0.000000
0.000000
0.000000
0.000000
0.000000
0.000000
0.000000
0.000000
0.000000
0.000000
0.000000
0.000000
0.000000
0.000000
0.000000
0.000000
0.000000
0.000000
0.000000
0.000000
0.000000
0.000000
0.000000
0.000000
0.000000
0.000000
0.000000
0.000000
0.000000
0.000000
0.000000
0.000000
0.000000
0.000000
0.000000
0.000000
0.000000
0.000000
0.000000
0.000000
0.000000
0.000000
0.000000
0.000000
0.000000
0.000000
0.000000
0.000000
0.000000
0.000000
0.000000
0.000000
0.000000
0.000000
0.000000
0.000000
0.000000
0.000000
0.000000
0.000000
0.000000
0.000000
0.000000
0.000000
0.000000
0.000000
0.000000
0.000000
0.000000
0.000000
0.000000
0.000000
0.000000
0.000000
0.000000
0.000000
0.000000
0.000000
0.000000
0.000000
0.000000
0.000000
0.000000
0.000000
0.000000
0.000000
0.000000
0.000000
0.000000
0.000000
0.000000
0.000000
0.000000
0.000000
0.000000
0.000000
0.000000
0.000000
0.000000
0.000000
0.000000
0.000000
0.000000
0.000000
0.000000
0.000000
0.000000
0.000000
0.000000
0.000000
0.000000
0.000000
0.000000
0.000000
0.000000
0.000000
0.000000
0.000000
0.000000
0.000000
0.000000
0.000000
0.000000
0.000000
0.000000
0.000000
0.000000
0.000000
0.000000
0.000000
0.000000
0.000000
0.000000
0.000000
0.000000
0.000000
0.000000
0.000000
0.000000
0.000000
0.000000
0.000000
0.000000
0.000000
0.000000
0.000000
0.000000
0.000000
0.000000
0.000000
0.000000
0.000000
0.000000
0.000000
0.000000
0.000000
0.000000
0.000000
0.000000
0.000000
0.000000
0.000000
0.000000
0.000000
0.000000
0.000000
0.000000
0.000000
0.000000
0.000000
0.000000
0.000000
0.000000
0.000000
0.000000
0.000000
0.000000
0.000000
0.000000
0.000000
0.000000
0.000000
0.000000
0.000000
0.000000
0.000000
0.000000
0.000000
0.000000
0.000000
0.000000
0.000000
0.000000
0.000000
0.000000
0.000000
0.000000
0.000000
0.000000
0.000000
0.000000
0.000000
0.000000
0.000000
0.000000
0.000000
0.000000
0.000000
0.000000
0.000000
0.000000
0.000000
0.000000
0.000000
0.000000
0.000000
0.000000
0.000000
0.000000
0.000000
0.000000
0.000000
0.000000
0.000000
0.000000
0.000000
0.000000
0.000000
0.000000
0.000000
0.000000
0.000000
0.000000
0.000000
0.000000
0.000000
0.000000
0.000000
0.000000
0.000000
0.000000
0.000000
0.000000
0.000000
0.000000
0.000000
0.000000
0.000000
0.000000
0.000000
0.000000
0.000000
0.000000
0.000000
0.000000
0.000000
0.000000
0.000000
0.000000
0.000000
0.000000
0.000000
0.000000
0.000000
0.000000
0.000000
0.000000
0.000000
0.000000
0.000000
0.000000
0.000000
0.000000
0.000000
0.000000
0.000000
0.000000
0.000000
0.000000
0.000000
0.000000
0.000000
0.000000
0.000000
0.000000
0.000000
0.000000
0.000000
0.000000
0.000000
0.000000
0.000000
0.000000
0.000000
0.000000
0.000000
0.000000
0.000000
0.000000
0.000000
0.000000
0.000000
0.000000
0.000000
0.000000
0.000000
0.000000
0.000000
0.000000
0.000000
0.000000
0.000000
0.000000
0.000000
0.000000
0.000000
0.000000
0.000000
0.000000
0.000000
0.000000
0.000000
0.000000
0.000000
0.000000
0.000000
0.000000
0.000000
0.000000
0.000000
0.000000
0.000000
0.000000
0.000000
0.000000
0.000000
0.000000
0.000000
0.000000
0.000000
0.000000
0.000000
0.000000
0.000000
0.000000
0.000000
0.000000
0.000000
0.000000
0.000000
0.000000
0.000000
0.000000
0.000000
0.000000
0.000000
0.000000
0.000000
0.000000
0.000000
0.000000
0.000000
0.000000
0.000000
0.000000
0.000000
0.000000
0.000000
0.000000
0.000000
0.000000
0.000000
0.000000
0.000000
0.000000
0.000000
0.000000
0.000000
0.000000
0.000000
0.000000
0.000000
0.000000
0.000000
0.000000
0.000000
0.000000
0.000000
0.000000
0.000000
0.000000
0.000000
0.000000
0.000000
0.000000
0.000000
0.000000
0.000000
0.000000
0.000000
0.000000
0.000000
0.000000
0.000000
0.000000
0.000000
0.000000
0.000000
0.000000
0.000000
0.000000
0.000000
0.000000
0.000000
0.000000
0.000000
0.000000
0.000000
0.000000
0.000000
0.000000
0.000000
0.000000
0.000000
0.000000
0.000000
0.000000
0.000000
0.000000
0.000000
0.000000
0.000000
0.000000
0.000000
0.000000
0.000000
0.000000
0.000000
0.000000
0.000000
0.000000
0.000000
0.000000
0.000000
0.000000
0.000000
0.000000
0.000000
0.000000
0.000000
0.000000
0.000000
0.000000
0.000000
0.000000
0.000000
0.000000
0.000000
0.000000
0.000000
0.000000
0.000000
0.000000
0.000000
0.000000
0.000000
0.000000
0.000000
0.000000
0.000000
0.000000
0.000000
0.000000
0.000000
0.000000
0.000000
0.000000
0.000000
0.000000
0.000000
0.000000
0.000000
0.000000
0.000000
0.000000
0.000000
0.000000
0.000000
0.000000
0.000000
0.000000
0.000000
0.000000
0.000000
0.000000
0.000000
0.000000
0.000000
0.000000
0.000000
0.000000
0.000000
0.000000
0.000000
0.000000
0.000000
0.000000
0.000000
0.000000
0.000000
0.000000
0.000000
0.000000
0.000000
0.000000
0.000000
0.000000
0.000000
0.000000
0.000000
0.000000
0.000000
0.000000
0.000000
0.000000
0.000000
0.000000
0.000000
0.000000
0.000000
0.000000
0.000000
0.000000
0.000000
0.000000
0.000000
0.000000
0.000000
0.000000
0.000000
0.000000
0.000000
0.000000
0.000000
0.000000
0.000000
0.000000
0.000000
0.000000
0.000000
0.000000
0.000000
0.000000
0.000000
0.000000
0.000000
0.000000
0.000000
0.000000
0.000000
0.000000
0.000000
0.000000
0.000000
0.000000
0.000000
0.000000
0.000000
0.000000
0.000000
0.000000
0.000000
0.000000
0.000000
0.000000
0.000000
0.000000
0.000000
0.000000
0.000000
0.000000
0.000000
0.000000
0.000000
0.000000
0.000000
0.000000
0.000000
0.000000
0.000000
0.000000
0.000000
0.000000
0.000000
0.000000
0.000000
0.000000
0.000000
0.000000
0.000000
0.000000
0.000000
0.000000
0.000000
0.000000
0.000000
0.000000
0.000000
0.000000
0.000000
0.000000
0.000000
0.000000
0.000000
0.000000
0.000000
0.000000
0.000000
0.000000
0.000000
0.000000
0.000000
0.000000
0.000000
0.000000
0.000000
0.000000
0.000000
0.000000
0.000000
0.000000
0.000000
0.000000
0.000000
0.000000
0.000000
0.000000
0.000000
0.000000
0.000000
0.000000
0.000000
0.000000
0.000000
0.000000
0.000000
0.000000
0.000000
0.000000
0.000000
0.000000
0.000000
0.000000
0.000000
0.000000
0.000000
0.000000
0.000000
0.000000
0.000000
0.000000
0.000000
0.000000
0.000000
0.000000
0.000000
0.000000
0.000000
0.000000
0.000000
0.000000
0.000000
0.000000
0.000000
0.000000
0.000000
0.000000
0.000000
0.000000
0.000000
0.000000
0.000000
0.000000
0.000000
0.000000
0.000000
0.000000
0.000000
0.000000
0.000000
0.000000
0.000000
0.000000
0.000000
0.000000
0.000000
0.000000
0.000000
0.000000
0.000000
0.000000
0.000000
0.000000
0.000000
0.000000
0.000000
0.000000
0.000000
0.000000
0.000000
0.000000
0.000000
0.000000
0.000000
0.000000
0.000000
0.000000
0.000000
0.000000
0.000000
0.000000
0.000000
0.000000
0.000000
0.000000
0.000000
0.000000
0.000000
0.000000
0.000000
0.000000
0.000000
0.000000
0.000000
0.000000
0.000000
0.000000
0.000000
0.000000
0.000000
0.000000
0.000000
0.000000
0.000000
0.000000
0.000000
0.000000
0.000000
0.000000
0.000000
0.000000
0.000000
0.000000
0.000000
0.000000
0.000000
0.000000
0.000000
0.000000
0.000000
0.000000
0.000000
0.000000
0.000000
0.000000
0.000000
0.000000
0.000000
0.000000
0.000000
0.000000
0.000000
0.000000
0.000000
0.000000
0.000000
0.000000
0.000000
0.000000
0.000000
0.000000
0.000000
0.000000
0.000000
0.000000
0.000000
0.000000
0.000000
0.000000
0.000000
0.000000
0.000000
0.000000
0.000000
0.000000
0.000000
0.000000
0.000000
0.000000
0.000000
0.000000
0.000000
0.000000
0.000000
0.000000
0.000000
0.000000
0.000000
0.000000
0.000000
0.000000
0.000000
0.000000
0.000000
0.000000
0.000000
0.000000
0.000000
0.000000
0.000000
0.000000
0.000000
0.000000
0.000000
0.000000
0.000000
0.000000
0.000000
0.000000
0.000000
0.000000
0.000000
0.000000
0.000000
0.000000
0.000000
0.000000
0.000000
0.000000
0.000000
0.000000
0.000000
0.000000
0.000000
0.000000
0.000000
0.000000
0.000000
0.000000
0.000000
0.000000
0.000000
0.000000
0.000000
0.000000
0.000000
0.000000
0.000000
0.000000
0.000000
0.000000
0.000000
0.000000
0.000000
0.000000
0.000000
0.000000
0.000000
0.000000
0.000000
0.000000
0.000000
0.000000
0.000000
0.000000
0.000000
0.000000
0.000000
0.000000
0.000000
0.000000
0.000000
0.000000
0.000000
0.000000
0.000000
0.000000
0.000000
0.000000
0.000000
0.000000
0.000000
0.000000
0.000000
0.000000
0.000000
0.000000
0.000000
0.000000
0.000000
0.000000
0.000000
0.000000
0.000000
0.000000
0.000000
0.000000
0.000000
0.000000
0.000000
0.000000
0.000000
0.000000
0.000000
0.000000
0.000000
0.000000
0.000000
0.000000
0.000000
0.000000
0.000000
0.000000
0.000000
0.000000
0.000000
0.000000
0.000000
0.000000
0.000000
0.000000
0.000000
0.000000
0.000000
0.000000
0.000000
0.000000
0.000000
0.000000
0.000000
0.000000
0.000000
0.000000
0.000000
0.000000
0.000000
0.000000
0.000000
0.000000
0.000000
0.000000
0.000000
0.000000
0.000000
0.000000
0.000000
0.000000
0.000000
0.000000
0.000000
0.000000
0.000000
0.000000
0.000000
0.000000
0.000000
0.000000
0.000000
0.000000
0.000000
0.000000
0.000000
0.000000
0.000000
0.000000
0.000000
0.000000
0.000000
0.000000
0.000000
0.000000
0.000000
0.000000
0.000000
0.000000
0.000000
0.000000
0.000000
0.000000
0.000000
0.000000
0.000000
0.000000
0.000000
0.000000
0.000000
0.000000
0.000000
0.000000
0.000000
0.000000
0.000000
0.000000
0.000000
0.000000
0.000000
0.000000
0.000000
0.000000
0.000000
0.000000
0.000000
0.000000
0.000000
0.000000
0.000000
0.000000
0.000000
0.000000
0.000000
0.000000
0.000000
0.000000
0.000000
0.000000
0.000000
0.000000
0.000000
0.000000
0.000000
0.000000
0.000000
0.000000
0.000000
0.000000
0.000000
0.000000
0.000000
0.000000
0.000000
0.000000
0.000000
0.000000
0.000000
0.000000
0.000000
0.000000
0.000000
0.000000
0.000000
0.000000
0.000000
0.000000
0.000000
0.000000
0.000000
0.000000
0.000000
0.000000
0.000000
0.000000
0.000000
0.000000
0.000000
0.000000
0.000000
0.000000
0.000000
0.000000
0.000000
0.000000
0.000000
0.000000
0.000000
0.000000
0.000000
0.000000
0.000000
0.000000
0.000000
0.000000
0.000000
0.000000
0.000000
0.000000
0.000000
0.000000
0.000000
0.000000
0.000000
0.000000
0.000000
0.000000
0.000000
0.000000
0.000000
0.000000
0.000000
0.000000
0.000000
0.000000
0.000000
0.000000
0.000000
0.000000
0.000000
0.000000
0.000000
0.000000
0.000000
0.000000
0.000000
0.000000
0.000000
0.000000
0.000000
0.000000
0.000000
0.000000
0.000000
0.000000
0.000000
0.000000
0.000000
0.000000
0.000000
0.000000
0.000000
0.000000
0.000000
0.000000
0.000000
0.000000
0.000000
0.000000
0.000000
0.000000
0.000000
0.000000
0.000000
0.000000
0.000000
0.000000
0.000000
0.000000
0.000000
0.000000
0.000000
0.000000
0.000000
0.000000
0.000000
0.000000
0.000000
0.000000
0.000000
0.000000
0.000000
0.000000
0.000000
0.000000
0.000000
0.000000
0.000000
0.000000
0.000000
0.000000
0.000000
0.000000
0.000000
0.000000
0.000000
0.000000
0.000000
0.000000
0.000000
0.000000
0.000000
0.000000
0.000000
0.000000
0.000000
0.000000
0.000000
0.000000
0.000000
0.000000
0.000000
0.000000
0.000000
0.000000
0.000000
0.000000
0.000000
0.000000
0.000000
0.000000
0.000000
0.000000
0.000000
0.000000
0.000000
0.000000
0.000000
0.000000
0.000000
0.000000
0.000000
0.000000
0.000000
0.000000
0.000000
0.000000
0.000000
0.000000
0.000000
0.000000
0.000000
0.000000
0.000000
0.000000
0.000000
0.000000
0.000000
0.000000
0.000000
0.000000
0.000000
0.000000
0.000000
0.000000
0.000000
0.000000
0.000000
0.000000
0.000000
0.000000
0.000000
0.000000
0.000000
0.000000
0.000000
0.000000
0.000000
0.000000
0.000000
0.000000
0.000000
0.000000
0.000000
0.000000
0.000000
0.000000
0.000000
0.000000
0.000000
0.000000
0.000000
0.000000
0.000000
0.000000
0.000000
0.000000
0.000000
0.000000
0.000000
0.000000
0.000000
0.000000
0.000000
0.000000
0.000000
0.000000
0.000000
0.000000
0.000000
0.000000
0.000000
0.000000
0.000000
0.000000
0.000000
0.000000
0.000000
0.000000
0.000000
0.000000
0.000000
0.000000
0.000000
0.000000
0.000000
0.000000
0.000000
0.000000
0.000000
0.000000
0.000000
0.000000
0.000000
0.000000
0.000000
0.000000
0.000000
0.000000
0.000000
0.000000
0.000000
0.000000
0.000000
0.000000
0.000000
0.000000
0.000000
0.000000
0.000000
0.000000
0.000000
0.000000
0.000000
0.000000
0.000000
0.000000
0.000000
0.000000
0.000000
0.000000
0.000000
0.000000
0.000000
0.000000
0.000000
0.000000
0.000000
0.000000
0.000000
0.000000
0.000000
0.000000
0.000000
0.000000
0.000000
0.000000
0.000000
0.000000
0.000000
0.000000
0.000000
0.000000
0.000000
0.000000
0.000000
0.000000
0.000000
0.000000
0.000000
0.000000
0.000000
0.000000
0.000000
0.000000
0.000000
0.000000
0.000000
0.000000
0.000000
0.000000
0.000000
0.000000
0.000000
0.000000
0.000000
0.000000
0.000000
0.000000
0.000000
0.000000
0.000000
0.000000
0.000000
0.000000
0.000000
0.000000
0.000000
0.000000
0.000000
0.000000
0.000000
0.000000
0.000000
0.000000
0.000000
0.000000
0.000000
0.000000
0.000000
0.000000
0.000000
0.000000
0.000000
0.000000
0.000000
0.000000
0.000000
0.000000
0.000000
0.000000
0.000000
0.000000
0.000000
0.000000
0.000000
0.000000
0.000000
0.000000
0.000000
0.000000
0.000000
0.000000
0.000000
0.000000
0.000000
0.000000
0.000000
0.000000
0.000000
0.000000
0.000000
0.000000
0.000000
0.000000
0.000000
0.000000
0.000000
0.000000
0.000000
0.000000
0.000000
0.000000
0.000000
0.000000
0.000000
0.000000
0.000000
0.000000
0.000000
0.000000
0.000000
0.000000
0.000000
0.000000
0.000000
0.000000
0.000000
0.000000
0.000000
0.000000
0.000000
0.000000
0.000000
0.000000
0.000000
0.000000
0.000000
0.000000
0.000000
0.000000
0.000000
0.000000
0.000000
0.000000
0.000000
0.000000
0.000000
0.000000
0.000000
0.000000
0.000000
0.000000
0.000000
0.000000
0.000000
0.000000
0.000000
0.000000
0.000000
0.000000
0.000000
0.000000
0.000000
0.000000
0.000000
0.000000
0.000000
0.000000
0.000000
0.000000
0.000000
0.000000
0.000000
0.000000
0.000000
0.000000
0.000000
0.000000
0.000000
0.000000
0.000000
0.000000
0.000000
0.000000
0.000000
0.000000
0.000000
0.000000
0.000000
0.000000
0.000000
0.000000
0.000000
0.000000
0.000000
0.000000
0.000000
0.000000
0.000000
0.000000
0.000000
0.000000
0.000000
0.000000
0.000000
0.000000
0.000000
0.000000
0.000000
0.000000
0.000000
0.000000
0.000000
0.000000
0.000000
0.000000
0.000000
0.000000
0.000000
0.000000
0.000000
0.000000
0.000000
0.000000
0.000000
0.000000
0.000000
0.000000
0.000000
0.000000
0.000000
0.000000
0.000000
0.000000
0.000000
0.000000
0.000000
0.000000
0.000000
0.000000
0.000000
0.000000
0.000000
0.000000
0.000000
0.000000
0.000000
0.000000
0.000000
0.000000
0.000000
0.000000
0.000000
0.000000
0.000000
0.000000
0.000000
0.000000
0.000000
0.000000
0.000000
0.000000
0.000000
0.000000
0.000000
0.000000
0.000000
0.000000
0.000000
0.000000
0.000000
0.000000
0.000000
0.000000
0.000000
0.000000
0.000000
0.000000
0.000000
0.000000
0.000000
0.000000
0.000000
0.000000
0.000000
0.000000
0.000000
0.000000
0.000000
0.000000
0.000000
0.000000
0.000000
0.000000
0.000000
0.000000
0.000000
0.000000
0.000000
0.000000
0.000000
0.000000
0.000000
0.000000
0.000000
0.000000
0.000000
0.000000
0.000000
0.000000
0.000000
0.000000
0.000000
0.000000
0.000000
0.000000
0.000000
0.000000
0.000000
0.000000
0.000000
0.000000
0.000000
0.000000
0.000000
0.000000
0.000000
0.000000
0.000000
0.000000
0.000000
0.000000
0.000000
0.000000
0.000000
0.000000
0.000000
0.000000
0.000000
0.000000
0.000000
0.000000
0.000000
0.000000
0.000000
0.000000
0.000000
0.000000
0.000000
0.000000
0.000000
0.000000
0.000000
0.000000
0.000000
0.000000
0.000000
0.000000
0.000000
0.000000
0.000000
0.000000
0.000000
0.000000
0.000000
0.000000
0.000000
0.000000
0.000000
0.000000
0.000000
0.000000
0.000000
0.000000
0.000000
0.000000
0.000000
0.000000
0.000000
0.000000
0.000000
0.000000
0.000000
0.000000
0.000000
0.000000
0.000000
0.000000
0.000000
0.000000
0.000000
0.000000
0.000000
0.000000
0.000000
0.000000
0.000000
0.000000
0.000000
0.000000
0.000000
0.000000
0.000000
0.000000
0.000000
0.000000
0.000000
0.000000
0.000000
0.000000
0.000000
0.000000
0.000000
0.000000
0.000000
0.000000
0.000000
0.000000
0.000000
0.000000
0.000000
0.000000
0.000000
0.000000
0.000000
0.000000
0.000000
0.000000
0.000000
0.000000
0.000000
0.000000
0.000000
0.000000
0.000000
0.000000
0.000000
0.000000
0.000000
0.000000
0.000000
0.000000
0.000000
0.000000
0.000000
0.000000
0.000000
0.000000
0.000000
0.000000
0.000000
0.000000
0.000000
0.000000
0.000000
0.000000
0.000000
0.000000
0.000000
0.000000
0.000000
0.000000
0.000000
0.000000
0.000000
0.000000
0.000000
0.000000
0.000000
