0.000000
73.000999
15.602500
9.365500
6.095000
4.293500
3.095500
2.426000
1.891500
1.553500
1.317500
1.093500
0.961000
0.866500
0.735000
0.646500
0.585500
0.541500
0.470000
0.434000
0.387500
0.378000
0.357000
0.302500
0.314500
0.255000
0.243000
0.231500
0.217000
0.208000
0.208000
0.169500
0.163000
0.178000
0.142500
0.150000
0.140000
0.141000
0.121000
0.119000
0.116500
0.106500
0.101500
0.110000
0.094000
0.097000
0.096000
0.090000
0.097000
0.073000
0.076500
0.068000
0.074000
0.066000
0.073000
0.068000
0.065500
0.059000
0.064000
0.051000
0.064000
0.055000
0.052500
0.053500
0.044000
0.050000
0.045500
0.058000
0.059500
0.042500
0.039500
0.040500
0.047500
0.048000
0.042000
0.042000
0.042000
0.038500
0.032500
0.030500
0.036500
0.036000
0.038500
0.029000
0.028000
0.027500
0.028500
0.026000
0.023000
0.033000
0.025000
0.022500
0.027500
0.028000
0.024500
0.028500
0.028500
0.020000
0.026500
0.018500
0.031000
0.022000
0.022000
0.017500
0.019000
0.024000
0.025500
0.019000
0.018000
0.025500
0.021500
0.021000
0.016500
0.019500
0.019000
0.019000
0.021000
0.020000
0.017000
0.019000
0.023000
0.015500
0.017500
0.017500
0.015000
0.013000
0.015500
0.015000
0.022500
0.022500
0.015000
0.014500
0.014500
0.014000
0.018500
0.015500
0.018500
0.014000
0.011500
0.014500
0.016000
0.014500
0.013000
0.017000
0.008000
0.010500
0.017000
0.014500
0.010500
0.014000
0.011000
0.012500
0.010000
0.008500
0.014500
0.011000
0.014500
0.010500
0.012000
0.010000
0.008000
0.012000
0.008500
0.011000
0.010500
0.011500
0.012500
0.010000
0.009000
0.007500
0.012000
0.010500
0.008500
0.012000
0.012000
0.008500
0.008500
0.006500
0.009000
0.009500
0.008000
0.007000
0.011500
0.007000
0.009000
0.010000
0.008000
0.009000
0.009500
0.007500
0.011000
0.007500
0.009500
0.005500
0.003500
0.005000
0.006500
0.005000
0.006500
0.006500
0.007500
0.004000
0.010000
0.010500
0.010500
0.008500
0.006000
0.005000
0.006000
0.006000
0.007000
0.010000
0.003500
0.005000
0.004500
0.007000
0.008500
0.005500
0.007000
0.003500
0.003500
0.006000
0.006500
0.007500
0.004000
0.001000
0.004500
0.006000
0.005500
0.004500
0.004000
0.007500
0.005500
0.004500
0.007000
0.006000
0.003500
0.006000
0.007500
0.005000
0.010000
0.005000
0.006500
0.004500
0.003500
0.009500
0.004500
0.004000
0.005000
0.006000
0.004500
0.006000
0.004000
0.007000
0.006000
0.003500
0.005500
0.004500
0.004000
0.003500
0.005000
0.005000
0.005500
0.002000
0.005000
0.008000
0.006000
0.004500
0.005000
0.004000
0.004500
0.010500
0.006500
0.003500
0.006000
0.003000
0.005000
0.004500
0.006000
0.006000
0.006500
0.004000
0.004000
0.004000
0.005500
0.002500
0.002500
0.004000
0.004500
0.003000
0.003500
0.001500
0.002000
0.003500
0.003000
0.006000
0.004500
0.002500
0.003000
0.003500
0.006000
0.005000
0.005500
0.003500
0.003000
0.002000
0.004000
0.002500
0.004000
0.005000
0.004000
0.003500
0.005000
0.005000
0.003500
0.005000
0.006500
0.003500
0.004000
0.002500
0.002500
0.003000
0.006500
0.003000
0.001500
0.003000
0.003000
0.003000
0.004000
0.003500
0.003500
0.004000
0.005000
0.002000
0.002500
0.002500
0.002000
0.003000
0.004500
0.004500
0.002000
0.003000
0.003000
0.003500
0.006000
0.004500
0.005000
0.002000
0.001500
0.001500
0.003000
0.002000
0.004000
0.000500
0.003000
0.004500
0.003500
0.001000
0.003500
0.005000
0.000500
0.002500
0.005000
0.002000
0.002000
0.002000
0.002000
0.003000
0.004000
0.004500
0.001000
0.003000
0.002500
0.002000
0.002500
0.003500
0.003000
0.004000
0.004000
0.001500
0.003000
0.001000
0.002000
0.002500
0.002000
0.002500
0.002000
0.001500
0.003500
0.003000
0.003000
0.003500
0.005500
0.005500
0.001500
0.002500
0.001000
0.003000
0.004000
0.002000
0.003000
0.003500
0.003500
0.005500
0.001500
0.001500
0.002000
0.002000
0.001000
0.001000
0.002000
0.001500
0.002500
0.002500
0.000500
0.003000
0.002500
0.002000
0.001500
0.003500
0.001500
0.004500
0.003000
0.002500
0.002000
0.001000
0.002500
0.001000
0.004000
0.003500
0.002500
0.001500
0.001500
0.000500
0.003000
0.003500
0.004500
0.002500
0.002000
0.002000
0.003000
0.001500
0.001500
0.001000
0.001500
0.003000
0.000000
0.003000
0.002000
0.001500
0.003000
0.002000
0.001000
0.002000
0.003000
0.002000
0.003000
0.000500
0.002000
0.002500
0.001500
0.002000
0.000500
0.001500
0.004500
0.003000
0.002000
0.000500
0.002500
0.002000
0.002500
0.002000
0.000500
0.002500
0.003000
0.000500
0.001500
0.001000
0.002500
0.001000
0.000500
0.002500
0.002000
0.002500
0.000000
0.003000
0.001500
0.001500
0.001500
0.000500
0.003000
0.001000
0.002000
0.002000
0.002000
0.001000
0.003000
0.002000
0.000500
0.001500
0.004000
0.001500
0.003500
0.001000
0.002500
0.001000
0.002000
0.001500
0.001000
0.001000
0.001000
0.003000
0.002500
0.002500
0.000500
0.000500
0.003000
0.002000
0.002500
0.001000
0.001000
0.001500
0.000500
0.001500
0.001500
0.001000
0.001500
0.001500
0.001500
0.003000
0.001500
0.002000
0.002500
0.001500
0.000000
0.001000
0.000500
0.001500
0.001500
0.000500
0.003500
0.002500
0.001500
0.001500
0.000500
0.001000
0.003500
0.001500
0.000500
0.001000
0.001000
0.001000
0.001500
0.002000
0.003500
0.002000
0.000000
0.001500
0.001500
0.001500
0.000500
0.000500
0.002000
0.002500
0.003000
0.000500
0.003500
0.001500
0.002000
0.001500
0.003000
0.002500
0.001000
0.001500
0.001000
0.000500
0.002500
0.002000
0.003000
0.000000
0.000500
0.001500
0.001500
0.001000
0.001000
0.000500
0.000500
0.002000
0.001000
0.001000
0.000500
0.001500
0.002000
0.002500
0.001500
0.000500
0.000500
0.000000
0.001000
0.003500
0.000500
0.001500
0.001500
0.000500
0.001000
0.001500
0.000500
0.002000
0.001000
0.001500
0.001500
0.001500
0.001500
0.000500
0.000500
0.000500
0.002500
0.000500
0.001000
0.001000
0.001500
0.000500
0.001000
0.002000
0.000500
0.001500
0.001000
0.002000
0.001500
0.001000
0.003000
0.002000
0.002000
0.001500
0.000500
0.000500
0.000500
0.001000
0.002500
0.001500
0.002000
0.001000
0.001500
0.002000
0.000500
0.001000
0.003000
0.000000
0.001500
0.001000
0.002000
0.001500
0.002000
0.001000
0.001500
0.003000
0.002500
0.000500
0.002500
0.001000
0.001000
0.000000
0.001000
0.002000
0.002000
0.001000
0.001000
0.000500
0.000000
0.002500
0.003000
0.001000
0.001500
0.000500
0.001000
0.001500
0.001500
0.000500
0.000500
0.001000
0.002000
0.000000
0.001000
0.001000
0.001000
0.000500
0.000000
0.003000
0.000500
0.001000
0.000500
0.001000
0.002000
0.000500
0.001000
0.002000
0.000500
0.001000
0.000000
0.002000
0.001000
0.001000
0.001000
0.001500
0.000000
0.000500
0.000000
0.000000
0.001000
0.002500
0.000500
0.001500
0.001000
0.001500
0.000000
0.000500
0.002000
0.001500
0.001500
0.001500
0.001000
0.000500
0.004000
0.000000
0.001000
0.001500
0.000000
0.001000
0.001000
0.002000
0.001000
0.000500
0.001000
0.000500
0.001000
0.001000
0.001500
0.001000
0.000000
0.000000
0.000500
0.000000
0.001000
0.002500
0.000500
0.002000
0.001500
0.002500
0.001000
0.001000
0.001000
0.001000
0.001500
0.001000
0.001000
0.001000
0.001000
0.001500
0.000500
0.001500
0.001000
0.001500
0.000000
0.002000
0.001000
0.001500
0.000500
0.001000
0.000500
0.000500
0.002000
0.000000
0.001500
0.000000
0.000000
0.001000
0.001500
0.001000
0.000500
0.000500
0.001500
0.001000
0.000000
0.000500
0.001500
0.001000
0.002500
0.000000
0.001000
0.001500
0.000500
0.000500
0.000500
0.002000
0.001000
0.000500
0.001500
0.000500
0.000000
0.000500
0.001000
0.001000
0.001500
0.000500
0.002000
0.000000
0.001000
0.001500
0.000500
0.001500
0.000000
0.000500
0.001500
0.000000
0.000500
0.000000
0.001500
0.003000
0.001000
0.000000
0.001000
0.001000
0.000000
0.000500
0.001000
0.001000
0.001000
0.001500
0.002000
0.001000
0.001000
0.001000
0.000500
0.000500
0.000000
0.001500
0.000500
0.001500
0.000500
0.001000
0.002000
0.001000
0.001500
0.000500
0.001000
0.000000
0.001000
0.001000
0.000000
0.001500
0.000500
0.001000
0.001000
0.001000
0.000500
0.000000
0.001000
0.000500
0.000500
0.001000
0.000500
0.000500
0.001000
0.000000
0.000500
0.000500
0.001000
0.001500
0.001000
0.000000
0.000500
0.000500
0.002000
0.000000
0.000500
0.001000
0.001000
0.002000
0.000000
0.000500
0.000500
0.001500
0.001500
0.000500
0.001500
0.000000
0.001500
0.000500
0.000500
0.002000
0.002000
0.000500
0.001000
0.000500
0.000500
0.001500
0.001000
0.000500
0.001000
0.001500
0.000000
0.000500
0.001000
0.000000
0.000500
0.000500
0.002000
0.001000
0.000500
0.001000
0.000500
0.001000
0.000000
0.000500
0.002000
0.000500
0.000000
0.001000
0.002000
0.000500
0.001000
0.000500
0.001000
0.001000
0.000500
0.002000
0.001000
0.001500
0.000500
0.000000
0.000500
0.000500
0.001000
0.000000
0.000000
0.001000
0.001000
0.000500
0.001500
0.001000
0.001000
0.000000
0.000500
0.000500
0.001500
0.001000
0.000000
0.001500
0.001500
0.001000
0.001500
0.001000
0.000500
0.001500
0.000500
0.001000
0.000500
0.001000
0.002000
0.001000
0.002500
0.000500
0.001000
0.001000
0.001000
0.001000
0.000500
0.001500
0.000500
0.000000
0.000500
0.000500
0.000000
0.000000
0.001000
0.000000
0.000500
0.001000
0.000500
0.002000
0.000500
0.000000
0.001500
0.000000
0.001000
0.000500
0.002000
0.001000
0.000000
0.000000
0.002000
0.001500
0.003000
0.001000
0.000500
0.002000
0.000500
0.000000
0.000000
0.001000
0.000500
0.001000
0.000000
0.000000
0.001000
0.002000
0.000500
0.000000
0.001000
0.000500
0.001500
0.000000
0.000500
0.000000
0.000500
0.002000
0.000000
0.001000
0.000000
0.001000
0.000000
0.001500
0.001000
0.000000
0.000000
0.000000
0.001500
0.001000
0.000500
0.000500
0.000500
0.000000
0.001500
0.001000
0.000000
0.002000
0.000500
0.001000
0.000500
0.000500
0.001000
0.001000
0.001000
0.001000
0.000500
0.001000
0.001000
0.001500
0.000500
0.001000
0.000000
0.001000
0.001500
0.002000
0.000500
0.001000
0.001500
0.000500
0.000500
0.000500
0.000000
0.000000
0.000500
0.002000
0.000500
0.001000
0.000500
0.000000
0.001000
0.000500
0.000500
0.000500
0.001000
0.000500
0.001000
0.002000
0.000500
0.001000
0.000000
0.000500
0.001500
0.000000
0.000000
0.002000
0.002500
0.000000
0.001500
0.000500
0.000500
0.001500
0.002000
0.002500
0.001000
0.001000
0.000500
0.001500
0.001000
0.000500
0.001000
0.000500
0.000500
0.000500
0.002500
0.000000
0.001500
0.000500
0.000000
0.001500
0.001000
0.000500
0.000000
0.000500
0.000000
0.001000
0.000500
0.000000
0.001500
0.000500
0.001000
0.001000
0.001500
0.002000
0.000500
0.002000
0.000000
0.000500
0.001000
0.000500
0.000500
0.000500
0.000000
0.001000
0.001000
0.000500
0.000000
0.001500
0.001000
0.001000
0.001000
0.000000
0.000000
0.000500
0.000500
0.001000
0.001000
0.001000
0.000500
0.001000
0.001500
0.001500
0.001000
0.001000
0.002000
0.001500
0.000000
0.000000
0.000000
0.000000
0.001000
0.001000
0.001000
0.000500
0.000500
0.000500
0.002000
0.000500
0.000000
0.002000
0.000500
0.000000
0.000500
0.000500
0.000500
0.001500
0.001000
0.001000
0.001000
0.000000
0.001000
0.002500
0.000500
0.000500
0.001000
0.000000
0.001000
0.000500
0.001500
0.000000
0.000500
0.000500
0.001000
0.000500
0.000500
0.000000
0.000000
0.001000
0.001000
0.000500
0.000500
0.001500
0.000000
0.000000
0.000000
0.001000
0.000500
0.000000
0.000500
0.000500
0.001500
0.001000
0.000500
0.000000
0.000500
0.000000
0.003500
0.000000
0.000500
0.000500
0.002000
0.000500
0.000500
0.001500
0.000500
0.000500
0.000500
0.001000
0.002000
0.001000
0.000000
0.001000
0.001000
0.001500
0.000000
0.000500
0.000500
0.000500
0.000000
0.000500
0.001000
0.001000
0.000500
0.000000
0.000000
0.001000
0.000500
0.001000
0.000500
0.001000
0.000000
0.000500
0.000000
0.001000
0.000000
0.002000
0.002000
0.001000
0.000500
0.000000
0.002500
0.002000
0.001000
0.000500
0.000000
0.001000
0.001500
0.001500
0.000500
0.000500
0.001000
0.000000
0.000500
0.000500
0.000500
0.000500
0.001000
0.001500
0.001000
0.001500
0.000000
0.001500
0.000000
0.000500
0.000000
0.000500
0.000500
0.000500
0.001000
0.000000
0.000000
0.001000
0.001500
0.001000
0.000500
0.001000
0.001000
0.000000
0.001000
0.000000
0.000000
0.001000
0.001500
0.000000
0.001500
0.001500
0.000500
0.000000
0.001500
0.000500
0.000000
0.000000
0.000000
0.000000
0.000000
0.001000
0.001500
0.000500
0.000000
0.000000
0.000500
0.000500
0.001000
0.000000
0.000000
0.000500
0.002000
0.000000
0.000500
0.001500
0.001000
0.001000
0.001000
0.000000
0.002500
0.000000
0.001000
0.001500
0.001000
0.000500
0.000000
0.000500
0.001000
0.000000
0.001000
0.001000
0.001000
0.000000
0.001000
0.000500
0.000500
0.002000
0.000500
0.000000
0.001500
0.001000
0.000000
0.000000
0.000500
0.000500
0.000000
0.000500
0.000000
0.000500
0.001000
0.002000
0.000500
0.001000
0.000500
0.000500
0.000500
0.001500
0.000500
0.000000
0.001500
0.000500
0.000500
0.001500
0.000500
0.002500
0.000000
0.001000
0.001000
0.000000
0.000000
0.000000
0.000500
0.000500
0.000000
0.000500
0.001000
0.000000
0.001000
0.001000
0.000500
0.002000
0.000000
0.001500
0.001000
0.000500
0.001000
0.000500
0.000000
0.000000
0.001000
0.000000
0.001000
0.000500
0.001500
0.000000
0.000500
0.000500
0.001500
0.000500
0.000000
0.001000
0.000000
0.000000
0.000500
0.000000
0.000500
0.000000
0.000000
0.001500
0.000000
0.000500
0.000500
0.001000
0.000500
0.001500
0.000500
0.001500
0.001000
0.000500
0.002500
0.001000
0.001000
0.000500
0.001500
0.000000
0.000000
0.001500
0.000000
0.001500
0.001500
0.000500
0.000500
0.002000
0.000500
0.000000
0.000500
0.001000
0.000500
0.000000
0.000000
0.000500
0.000500
0.000000
0.000000
0.000500
0.000500
0.000500
0.000000
0.000500
0.000000
0.000000
0.001500
0.000500
0.000500
0.000500
0.000500
0.001000
0.001000
0.000500
0.000500
0.000500
0.001000
0.000000
0.000000
0.000500
0.000000
0.000000
0.001000
0.001000
0.000500
0.001000
0.000500
0.000500
0.001500
0.001500
0.000500
0.000500
0.000000
0.001000
0.000000
0.003500
0.000500
0.000500
0.001000
0.000000
0.000500
0.000500
0.000000
0.000500
0.000000
0.000500
0.000000
0.001500
0.000500
0.001000
0.000500
0.002000
0.001000
0.000000
0.001500
0.000000
0.000000
0.001000
0.000000
0.001000
0.000000
0.000500
0.001500
0.000500
0.000500
0.001500
0.000500
0.000500
0.001000
0.000500
0.001000
0.000500
0.000000
0.000500
0.000500
0.000500
0.000500
0.001000
0.000500
0.000500
0.000500
0.000000
0.000000
0.000500
0.001000
0.001000
0.000500
0.000000
0.000500
0.000500
0.001500
0.001000
0.001000
0.000500
0.000000
0.001000
0.001500
0.000000
0.000000
0.000500
0.000500
0.001000
0.000500
0.000500
0.000500
0.000500
0.001000
0.000500
0.001000
0.000500
0.000000
0.000000
0.000000
0.000000
0.000500
0.000500
0.000000
0.000500
0.000000
0.001000
0.001000
0.000500
0.001000
0.000500
0.000500
0.000500
0.002000
0.000500
0.001000
0.001000
0.000500
0.000500
0.000000
0.000500
0.000500
0.000000
0.000500
0.000000
0.000500
0.000500
0.000500
0.000000
0.001000
0.000000
0.000500
0.000500
0.000500
0.000500
0.000500
0.000500
0.000500
0.000500
0.001000
0.001500
0.000500
0.000000
0.000000
0.000500
0.000500
0.000500
0.001000
0.001500
0.000000
0.000500
0.001000
0.000500
0.000500
0.001000
0.000500
0.000000
0.000000
0.001000
0.001000
0.001000
0.001000
0.000000
0.000000
0.001000
0.000500
0.000000
0.000500
0.000000
0.000500
0.000500
0.000000
0.000000
0.001000
0.000000
0.001000
0.000500
0.000000
0.000000
0.000000
0.000000
0.000500
0.000500
0.000500
0.000500
0.000000
0.001000
0.001000
0.000500
0.000000
0.000000
0.000000
0.000000
0.000000
0.000000
0.000500
0.000500
0.000000
0.000500
0.000500
0.002000
0.000500
0.000000
0.001000
0.000500
0.000000
0.001000
0.001500
0.001500
0.000000
0.000500
0.000000
0.000500
0.000000
0.000000
0.001000
0.000000
0.001000
0.001500
0.000500
0.000000
0.000500
0.000500
0.001000
0.000500
0.000000
0.000500
0.001000
0.001000
0.001000
0.000000
0.000500
0.001500
0.000500
0.000500
0.001000
0.000500
0.000000
0.000000
0.001000
0.000500
0.000000
0.000500
0.001000
0.000000
0.001000
0.001500
0.000500
0.000500
0.000500
0.001000
0.000500
0.001000
0.000500
0.000000
0.000500
0.001000
0.001000
0.000000
0.001000
0.000000
0.000500
0.000500
0.001500
0.001000
0.001000
0.000000
0.000500
0.000000
0.001000
0.000000
0.000500
0.000500
0.000500
0.000500
0.000000
0.001000
0.000500
0.001000
0.001000
0.000000
0.000000
0.000000
0.000500
0.001000
0.000500
0.001000
0.001500
0.000000
0.001000
0.000500
0.001000
0.000000
0.000000
0.000000
0.000000
0.000000
0.000500
0.000500
0.001000
0.000000
0.000500
0.000000
0.000000
0.000000
0.000500
0.000500
0.000000
0.000000
0.000500
0.000000
0.000500
0.000000
0.000000
0.000000
0.000500
0.001000
0.000500
0.000500
0.000000
0.000000
0.000500
0.000000
0.001000
0.001000
0.000000
0.000000
0.000500
0.000000
0.000000
0.000000
0.001000
0.001000
0.000500
0.001500
0.000500
0.000500
0.000500
0.000000
0.000000
0.000500
0.000000
0.000500
0.000500
0.001000
0.000000
0.000000
0.000500
0.000500
0.001000
0.000500
0.000000
0.000500
0.000000
0.000500
0.000000
0.000000
0.001000
0.000500
0.000000
0.000000
0.001000
0.000000
0.000000
0.000000
0.000500
0.000500
0.001500
0.000500
0.000500
0.000500
0.000500
0.000500
0.000500
0.000000
0.000000
0.000000
0.000000
0.000500
0.000000
0.000000
0.000500
0.000000
0.001000
0.001000
0.001000
0.000000
0.000500
0.000500
0.002500
0.000000
0.000000
0.000000
0.000500
0.000000
0.000500
0.000000
0.000000
0.000500
0.000500
0.000000
0.000000
0.000500
0.000000
0.000000
0.000000
0.000500
0.000000
0.000000
0.000000
0.000000
0.000500
0.000000
0.001000
0.000000
0.001000
0.001000
0.000000
0.000500
0.000000
0.000500
0.000500
0.000000
0.000000
0.001000
0.000000
0.001000
0.000500
0.001500
0.000000
0.000000
0.000000
0.000500
0.000500
0.001000
0.000000
0.000000
0.000000
0.000000
0.000000
0.000500
0.000000
0.000500
0.000000
0.000500
0.000000
0.000500
0.000000
0.000000
0.000000
0.000000
0.000000
0.000000
0.000000
0.000000
0.000500
0.000500
0.001000
0.000500
0.000500
0.000000
0.000000
0.000500
0.000000
0.000000
0.000000
0.000500
0.000000
0.000500
0.000500
0.000000
0.000000
0.000500
0.000000
0.000000
0.000500
0.000000
0.000000
0.000000
0.000000
0.000000
0.000000
0.000500
0.000500
0.001000
0.002000
0.001000
0.000500
0.000500
0.000500
0.000000
0.000000
0.000000
0.000000
0.000000
0.000500
0.000500
0.000500
0.001000
0.000000
0.000000
0.000000
0.000500
0.000000
0.000000
0.000500
0.000000
0.002000
0.000000
0.000000
0.000000
0.001000
0.000000
0.000500
0.000000
0.000000
0.000000
0.000500
0.000500
0.000000
0.000000
0.000500
0.000500
0.000500
0.000000
0.000000
0.000000
0.000500
0.000000
0.000000
0.000000
0.000000
0.000500
0.001000
0.000500
0.000500
0.000000
0.000000
0.000500
0.000000
0.000000
0.000000
0.000000
0.001000
0.000000
0.000500
0.000500
0.000000
0.000000
0.000500
0.000000
0.000000
0.000500
0.000000
0.000500
0.000000
0.000000
0.000000
0.000000
0.000500
0.000000
0.001000
0.000000
0.000000
0.000000
0.000000
0.000000
0.000000
0.000500
0.000500
0.000000
0.000000
0.000000
0.000000
0.000000
0.000000
0.000500
0.000000
0.000000
0.000000
0.000000
0.000000
0.000500
0.000000
0.000000
0.000000
0.000000
0.000000
0.000000
0.000000
0.000000
0.000000
0.000000
0.000000
0.000000
0.000000
0.000000
0.000000
0.000000
0.000000
0.000000
0.000000
0.000000
0.000000
0.000000
0.000000
0.000500
0.000000
0.000000
0.000000
0.000000
0.000000
0.000000
0.000000
0.000000
0.000000
0.000000
0.000000
0.000000
0.000000
0.000000
0.000000
0.000000
0.000000
0.000000
0.000000
0.000500
0.000500
0.000500
0.000000
0.000000
0.000000
0.000500
0.000000
0.000000
0.000000
0.000000
0.000500
0.000000
0.000000
0.000000
0.000000
0.000000
0.000000
0.000000
0.000500
0.000500
0.000000
0.000000
0.000000
0.000000
0.000000
0.000000
0.000000
0.000000
0.000000
0.000000
0.000000
0.000000
0.000000
0.000500
0.000000
0.000000
0.000500
0.000000
0.000000
0.000000
0.000000
0.000000
0.000000
0.000000
0.000000
0.000000
0.000500
0.000000
0.000500
0.000000
0.000000
0.000000
0.000500
0.000000
0.000000
0.000000
0.000000
0.000000
0.000000
0.000000
0.000000
0.000000
0.000000
0.000000
0.000000
0.000000
0.000000
0.000000
0.000000
0.000000
0.000000
0.000000
0.000000
0.000000
0.000000
0.000000
0.000000
0.000000
0.000000
0.000000
0.000000
0.000000
0.000000
0.000000
0.000000
0.000000
0.000000
0.000000
0.000000
0.000000
0.000500
0.000000
0.000500
0.000000
0.000000
0.000000
0.000000
0.000000
0.000000
0.000000
0.000000
0.000000
0.000000
0.000000
0.000000
0.000000
0.000000
0.000000
0.000000
0.000000
0.000000
0.000000
0.000000
0.000000
0.000000
0.000000
0.000000
0.000000
0.000000
0.000000
0.000000
0.000000
0.000000
0.000000
0.000000
0.000000
0.000000
0.000000
0.000000
0.000000
0.000000
0.000000
0.000000
0.000000
0.000000
0.000000
0.000000
0.000000
0.000500
0.000000
0.000000
0.000000
0.000000
0.000000
0.000000
0.000000
0.000000
0.000000
0.000000
0.000000
0.000000
0.000000
0.000000
0.000000
0.000000
0.000000
0.000000
0.000000
0.000000
0.000000
0.000000
0.000000
0.000000
0.000000
0.000000
0.000000
0.000000
0.000000
0.000000
0.000000
0.000000
0.000000
0.000000
0.000000
0.000000
0.000000
0.000000
0.000000
0.000000
0.000000
0.000000
0.000000
0.000000
0.000000
0.000000
0.000000
0.000000
0.000000
0.000000
0.000000
0.000000
0.000000
0.000000
0.000000
0.000000
0.000000
0.000000
0.000000
0.000000
0.000000
0.000000
0.000000
0.000000
0.000000
0.000000
0.000000
0.000000
0.000000
0.000000
0.000000
0.000000
0.000000
0.000000
0.000000
0.000000
0.000000
0.000000
0.000000
0.000000
0.000000
0.000000
0.000000
0.000000
0.000000
0.000000
0.000000
0.000000
0.000000
0.000000
0.000000
0.000000
0.000000
0.000000
0.000000
0.000000
0.000000
0.000000
0.000000
0.000000
0.000000
0.000000
0.000000
0.000000
0.000000
0.000000
0.000000
0.000000
0.000000
0.000000
0.000000
0.000000
0.000000
0.000000
0.000000
0.000000
0.000000
0.000000
0.000000
0.000000
0.000000
0.000000
0.000000
0.000000
0.000000
0.000000
0.000000
0.000000
0.000000
0.000000
0.000000
0.000000
0.000000
0.000000
0.000000
0.000000
0.000000
0.000000
0.000000
0.000000
0.000000
0.000000
0.000000
0.000000
0.000000
0.000000
0.000000
0.000000
0.000000
0.000000
0.000000
0.000000
0.000000
0.000000
0.000000
0.000000
0.000000
0.000000
0.000000
0.000000
0.000000
0.000000
0.000000
0.000000
0.000000
0.000000
0.000000
0.000000
0.000000
0.000000
0.000000
0.000000
0.000000
0.000000
0.000000
0.000000
0.000000
0.000000
0.000000
0.000000
0.000000
0.000000
0.000000
0.000000
0.000000
0.000000
0.000000
0.000000
0.000000
0.000000
0.000000
0.000000
0.000000
0.000000
0.000000
0.000000
0.000000
0.000000
0.000000
0.000000
0.000000
0.000000
0.000000
0.000000
0.000000
0.000000
0.000000
0.000000
0.000000
0.000000
0.000000
0.000000
0.000000
0.000000
0.000000
0.000000
0.000000
0.000000
0.000000
0.000000
0.000000
0.000000
0.000000
0.000000
0.000000
0.000000
0.000000
0.000000
0.000000
0.000000
0.000000
0.000000
0.000000
0.000000
0.000000
0.000000
0.000000
0.000000
0.000000
0.000000
0.000000
0.000000
0.000000
0.000000
0.000000
0.000000
0.000000
0.000000
0.000000
0.000000
0.000000
0.000000
0.000000
0.000000
0.000000
0.000000
0.000000
0.000000
0.000000
0.000000
0.000000
0.000000
0.000000
0.000000
0.000000
0.000000
0.000000
0.000000
0.000000
0.000000
0.000000
0.000000
0.000000
0.000000
0.000000
0.000000
0.000000
0.000000
0.000000
0.000000
0.000000
0.000000
0.000000
0.000000
0.000000
0.000000
0.000000
0.000000
0.000000
0.000000
0.000000
0.000000
0.000000
0.000000
0.000000
0.000000
0.000000
0.000000
0.000000
0.000000
0.000000
0.000000
0.000000
0.000000
0.000000
0.000000
0.000000
0.000000
0.000000
0.000000
0.000000
0.000000
0.000000
0.000000
0.000000
0.000000
0.000000
0.000000
0.000000
0.000000
0.000000
0.000000
0.000000
0.000000
0.000000
0.000000
0.000000
0.000000
0.000000
0.000000
0.000000
0.000000
0.000000
0.000000
0.000000
0.000000
0.000000
0.000000
0.000000
0.000000
0.000000
0.000000
0.000000
0.000000
0.000000
0.000000
0.000000
0.000000
0.000000
0.000000
0.000000
0.000000
0.000000
0.000000
0.000000
0.000000
0.000000
0.000000
0.000000
0.000000
0.000000
0.000000
0.000000
0.000000
0.000000
0.000000
0.000000
0.000000
0.000000
0.000000
0.000000
0.000000
0.000000
0.000000
0.000000
0.000000
0.000000
0.000000
0.000000
0.000000
0.000000
0.000000
0.000000
0.000000
0.000000
0.000000
0.000000
0.000000
0.000000
0.000000
0.000000
0.000000
0.000000
0.000000
0.000000
0.000000
0.000000
0.000000
0.000000
0.000000
0.000000
0.000000
0.000000
0.000000
0.000000
0.000000
0.000000
0.000000
0.000000
0.000000
0.000000
0.000000
0.000000
0.000000
0.000000
0.000000
0.000000
0.000000
0.000000
0.000000
0.000000
0.000000
0.000000
0.000000
0.000000
0.000000
0.000000
0.000000
0.000000
0.000000
0.000000
0.000000
0.000000
0.000000
0.000000
0.000000
0.000000
0.000000
0.000000
0.000000
0.000000
0.000000
0.000000
0.000000
0.000000
0.000000
0.000000
0.000000
0.000000
0.000000
0.000000
0.000000
0.000000
0.000000
0.000000
0.000000
0.000000
0.000000
0.000000
0.000000
0.000000
0.000000
0.000000
0.000000
0.000000
0.000000
0.000000
0.000000
0.000000
0.000000
0.000000
0.000000
0.000000
0.000000
0.000000
0.000000
0.000000
0.000000
0.000000
0.000000
0.000000
0.000000
0.000000
0.000000
0.000000
0.000000
0.000000
0.000000
0.000000
0.000000
0.000000
0.000000
0.000000
0.000000
0.000000
0.000000
0.000000
0.000000
0.000000
0.000000
0.000000
0.000000
0.000000
0.000000
0.000000
0.000000
0.000000
0.000000
0.000000
0.000000
0.000000
0.000000
0.000000
0.000000
0.000000
0.000000
0.000000
0.000000
0.000000
0.000000
0.000000
0.000000
0.000000
0.000000
0.000000
0.000000
0.000000
0.000000
0.000000
0.000000
0.000000
0.000000
0.000000
0.000000
0.000000
0.000000
0.000000
0.000000
0.000000
0.000000
0.000000
0.000000
0.000000
0.000000
0.000000
0.000000
0.000000
0.000000
0.000000
0.000000
0.000000
0.000000
0.000000
0.000000
0.000000
0.000000
0.000000
0.000000
0.000000
0.000000
0.000000
0.000000
0.000000
0.000000
0.000000
0.000000
0.000000
0.000000
0.000000
0.000000
0.000000
0.000000
0.000000
0.000000
0.000000
0.000000
0.000000
0.000000
0.000000
0.000000
0.000000
0.000000
0.000000
0.000000
0.000000
0.000000
0.000000
0.000000
0.000000
0.000000
0.000000
0.000000
0.000000
0.000000
0.000000
0.000000
0.000000
0.000000
0.000000
0.000000
0.000000
0.000000
0.000000
0.000000
0.000000
0.000000
0.000000
0.000000
0.000000
0.000000
0.000000
0.000000
0.000000
0.000000
0.000000
0.000000
0.000000
0.000000
0.000000
0.000000
0.000000
0.000000
0.000000
0.000000
0.000000
0.000000
0.000000
0.000000
0.000000
0.000000
0.000000
0.000000
0.000000
0.000000
0.000000
0.000000
0.000000
0.000000
0.000000
0.000000
0.000000
0.000000
0.000000
0.000000
0.000000
0.000000
0.000000
0.000000
0.000000
0.000000
0.000000
0.000000
0.000000
0.000000
0.000000
0.000000
0.000000
0.000000
0.000000
0.000000
0.000000
0.000000
0.000000
0.000000
0.000000
0.000000
0.000000
0.000000
0.000000
0.000000
0.000000
0.000000
0.000000
0.000000
0.000000
0.000000
0.000000
0.000000
0.000000
0.000000
0.000000
0.000000
0.000000
0.000000
0.000000
0.000000
0.000000
0.000000
0.000000
0.000000
0.000000
0.000000
0.000000
0.000000
0.000000
0.000000
0.000000
0.000000
0.000000
0.000000
0.000000
0.000000
0.000000
0.000000
0.000000
0.000000
0.000000
0.000000
0.000000
0.000000
0.000000
0.000000
0.000000
0.000000
0.000000
0.000000
0.000000
0.000000
0.000000
0.000000
0.000000
0.000000
0.000000
0.000000
0.000000
0.000000
0.000000
0.000000
0.000000
0.000000
0.000000
0.000000
0.000000
0.000000
0.000000
0.000000
0.000000
0.000000
0.000000
0.000000
0.000000
0.000000
0.000000
0.000000
0.000000
0.000000
0.000000
0.000000
0.000000
0.000000
0.000000
0.000000
0.000000
0.000000
0.000000
0.000000
0.000000
0.000000
0.000000
0.000000
0.000000
0.000000
0.000000
0.000000
0.000000
0.000000
0.000000
0.000000
0.000000
0.000000
0.000000
0.000000
0.000000
0.000000
0.000000
0.000000
0.000000
0.000000
0.000000
0.000000
0.000000
0.000000
0.000000
0.000000
0.000000
0.000000
0.000000
0.000000
0.000000
0.000000
0.000000
0.000000
0.000000
0.000000
0.000000
0.000000
0.000000
0.000000
0.000000
0.000000
0.000000
0.000000
0.000000
0.000000
0.000000
0.000000
0.000000
0.000000
0.000000
0.000000
0.000000
0.000000
0.000000
0.000000
0.000000
0.000000
0.000000
0.000000
0.000000
0.000000
0.000000
0.000000
0.000000
0.000000
0.000000
0.000000
0.000000
0.000000
0.000000
0.000000
0.000000
0.000000
0.000000
0.000000
0.000000
0.000000
0.000000
0.000000
0.000000
0.000000
0.000000
0.000000
0.000000
0.000000
0.000000
0.000000
0.000000
0.000000
0.000000
0.000000
0.000000
0.000000
0.000000
0.000000
0.000000
0.000000
0.000000
0.000000
0.000000
0.000000
0.000000
0.000000
0.000000
0.000000
0.000000
0.000000
0.000000
0.000000
0.000000
0.000000
0.000000
0.000000
0.000000
0.000000
0.000000
0.000000
0.000000
0.000000
0.000000
0.000000
0.000000
0.000000
0.000000
0.000000
0.000000
0.000000
0.000000
0.000000
0.000000
0.000000
0.000000
0.000000
0.000000
0.000000
0.000000
0.000000
0.000000
0.000000
0.000000
0.000000
0.000000
0.000000
0.000000
0.000000
0.000000
0.000000
0.000000
0.000000
0.000000
0.000000
0.000000
0.000000
0.000000
0.000000
0.000000
0.000000
0.000000
0.000000
0.000000
0.000000
0.000000
0.000000
0.000000
0.000000
0.000000
0.000000
0.000000
0.000000
0.000000
0.000000
0.000000
0.000000
0.000000
0.000000
0.000000
0.000000
0.000000
0.000000
0.000000
0.000000
0.000000
0.000000
0.000000
0.000000
0.000000
0.000000
0.000000
0.000000
0.000000
0.000000
0.000000
0.000000
0.000000
0.000000
0.000000
0.000000
0.000000
0.000000
0.000000
0.000000
0.000000
0.000000
0.000000
0.000000
0.000000
0.000000
0.000000
0.000000
0.000000
0.000000
0.000000
0.000000
0.000000
0.000000
0.000000
0.000000
0.000000
0.000000
0.000000
0.000000
0.000000
0.000000
0.000000
0.000000
0.000000
0.000000
0.000000
0.000000
0.000000
0.000000
0.000000
0.000000
0.000000
0.000000
0.000000
0.000000
0.000000
0.000000
0.000000
0.000000
0.000000
0.000000
0.000000
0.000000
0.000000
0.000000
0.000000
0.000000
0.000000
0.000000
0.000000
0.000000
0.000000
0.000000
0.000000
0.000000
0.000000
0.000000
0.000000
0.000000
0.000000
0.000000
0.000000
0.000000
0.000000
0.000000
0.000000
0.000000
0.000000
0.000000
0.000000
0.000000
0.000000
0.000000
0.000000
0.000000
0.000000
0.000000
0.000000
0.000000
0.000000
0.000000
0.000000
0.000000
0.000000
0.000000
0.000000
0.000000
0.000000
0.000000
0.000000
0.000000
0.000000
0.000000
0.000000
0.000000
0.000000
0.000000
0.000000
0.000000
0.000000
0.000000
0.000000
0.000000
0.000000
0.000000
0.000000
0.000000
0.000000
0.000000
0.000000
0.000000
0.000000
0.000000
0.000000
0.000000
0.000000
0.000000
0.000000
0.000000
0.000000
0.000000
0.000000
0.000000
0.000000
0.000000
0.000000
0.000000
0.000000
0.000000
0.000000
0.000000
0.000000
0.000000
0.000000
0.000000
0.000000
0.000000
0.000000
0.000000
0.000000
0.000000
0.000000
0.000000
0.000000
0.000000
0.000000
0.000000
0.000000
0.000000
0.000000
0.000000
0.000000
0.000000
0.000000
0.000000
0.000000
0.000000
0.000000
0.000000
0.000000
0.000000
0.000000
0.000000
0.000000
0.000000
0.000000
0.000000
0.000000
0.000000
0.000000
0.000000
0.000000
0.000000
0.000000
0.000000
0.000000
0.000000
0.000000
0.000000
0.000000
0.000000
0.000000
0.000000
0.000000
0.000000
0.000000
0.000000
0.000000
0.000000
0.000000
0.000000
0.000000
0.000000
0.000000
0.000000
0.000000
0.000000
0.000000
0.000000
0.000000
0.000000
0.000000
0.000000
0.000000
0.000000
0.000000
0.000000
0.000000
0.000000
0.000000
0.000000
0.000000
0.000000
0.000000
0.000000
0.000000
0.000000
0.000000
0.000000
0.000000
0.000000
0.000000
0.000000
0.000000
0.000000
0.000000
0.000000
0.000000
0.000000
0.000000
0.000000
0.000000
0.000000
0.000000
0.000000
0.000000
0.000000
0.000000
0.000000
0.000000
0.000000
0.000000
0.000000
0.000000
0.000000
0.000000
0.000000
0.000000
0.000000
0.000000
0.000000
0.000000
0.000000
0.000000
0.000000
0.000000
0.000000
0.000000
0.000000
0.000000
0.000000
0.000000
0.000000
0.000000
0.000000
0.000000
0.000000
0.000000
0.000000
0.000000
0.000000
0.000000
0.000000
0.000000
0.000000
0.000000
0.000000
0.000000
0.000000
0.000000
0.000000
0.000000
0.000000
0.000000
0.000000
0.000000
0.000000
0.000000
0.000000
0.000000
0.000000
0.000000
0.000000
0.000000
0.000000
0.000000
0.000000
0.000000
0.000000
0.000000
0.000000
0.000000
0.000000
0.000000
0.000000
0.000000
0.000000
0.000000
0.000000
0.000000
0.000000
0.000000
0.000000
0.000000
0.000000
0.000000
0.000000
0.000000
0.000000
0.000000
0.000000
0.000000
0.000000
0.000000
0.000000
0.000000
0.000000
0.000000
0.000000
0.000000
0.000000
0.000000
0.000000
0.000000
0.000000
0.000000
0.000000
0.000000
0.000000
0.000000
0.000000
0.000000
0.000000
0.000000
0.000000
0.000000
0.000000
0.000000
0.000000
0.000000
0.000000
0.000000
0.000000
0.000000
0.000000
0.000000
0.000000
0.000000
0.000000
0.000000
0.000000
0.000000
0.000000
0.000000
0.000000
0.000000
0.000000
0.000000
0.000000
0.000000
0.000000
0.000000
0.000000
0.000000
0.000000
0.000000
0.000000
0.000000
0.000000
0.000000
0.000000
0.000000
0.000000
0.000000
0.000000
0.000000
0.000000
0.000000
0.000000
0.000000
0.000000
0.000000
0.000000
0.000000
0.000000
0.000000
0.000000
0.000000
0.000000
0.000000
0.000000
0.000000
0.000000
0.000000
0.000000
0.000000
0.000000
0.000000
0.000000
0.000000
0.000000
0.000000
0.000000
0.000000
0.000000
0.000000
0.000000
0.000000
0.000000
0.000000
0.000000
0.000000
0.000000
0.000000
0.000000
0.000000
0.000000
0.000000
0.000000
0.000000
0.000000
0.000000
0.000000
0.000000
0.000000
0.000000
0.000000
0.000000
0.000000
0.000000
0.000000
0.000000
0.000000
0.000000
0.000000
0.000000
0.000000
0.000000
0.000000
0.000000
0.000000
0.000000
0.000000
0.000000
0.000000
0.000000
0.000000
0.000000
0.000000
0.000000
0.000000
0.000000
0.000000
0.000000
0.000000
0.000000
0.000000
0.000000
0.000000
0.000000
0.000000
0.000000
0.000000
0.000000
0.000000
0.000000
0.000000
0.000000
0.000000
0.000000
0.000000
0.000000
0.000000
0.000000
0.000000
0.000000
0.000000
0.000000
0.000000
0.000000
0.000000
0.000000
0.000000
0.000000
0.000000
0.000000
0.000000
0.000000
0.000000
0.000000
0.000000
0.000000
0.000000
0.000000
0.000000
0.000000
0.000000
0.000000
0.000000
0.000000
0.000000
0.000000
0.000000
0.000000
0.000000
0.000000
0.000000
0.000000
0.000000
0.000000
0.000000
0.000000
0.000000
0.000000
0.000000
0.000000
0.000000
0.000000
0.000000
0.000000
0.000000
0.000000
0.000000
0.000000
0.000000
0.000000
0.000000
0.000000
0.000000
0.000000
0.000000
0.000000
0.000000
0.000000
0.000000
0.000000
0.000000
0.000000
0.000000
0.000000
0.000000
0.000000
0.000000
0.000000
0.000000
0.000000
0.000000
0.000000
0.000000
0.000000
0.000000
0.000000
0.000000
0.000000
0.000000
0.000000
0.000000
0.000000
0.000000
0.000000
0.000000
0.000000
0.000000
0.000000
0.000000
0.000000
0.000000
0.000000
0.000000
0.000000
0.000000
0.000000
0.000000
0.000000
0.000000
0.000000
0.000000
0.000000
0.000000
0.000000
0.000000
0.000000
0.000000
0.000000
0.000000
0.000000
0.000000
0.000000
0.000000
0.000000
0.000000
0.000000
0.000000
0.000000
0.000000
0.000000
0.000000
0.000000
0.000000
0.000000
0.000000
0.000000
0.000000
0.000000
0.000000
0.000000
0.000000
0.000000
0.000000
0.000000
0.000000
0.000000
0.000000
0.000000
0.000000
0.000000
0.000000
0.000000
0.000000
0.000000
0.000000
0.000000
0.000000
0.000000
0.000000
0.000000
0.000000
0.000000
0.000000
0.000000
0.000000
0.000000
0.000000
0.000000
0.000000
0.000000
0.000000
0.000000
0.000000
0.000000
0.000000
0.000000
0.000000
0.000000
0.000000
0.000000
0.000000
0.000000
0.000000
0.000000
0.000000
0.000000
0.000000
0.000000
0.000000
0.000000
0.000000
0.000000
0.000000
0.000000
0.000000
0.000000
0.000000
0.000000
0.000000
0.000000
0.000000
0.000000
0.000000
0.000000
0.000000
0.000000
0.000000
0.000000
0.000000
0.000000
0.000000
0.000000
0.000000
0.000000
0.000000
0.000000
0.000000
0.000000
0.000000
0.000000
0.000000
0.000000
0.000000
0.000000
0.000000
0.000000
0.000000
0.000000
0.000000
0.000000
0.000000
0.000000
0.000000
0.000000
0.000000
0.000000
0.000000
0.000000
0.000000
0.000000
0.000000
0.000000
0.000000
0.000000
0.000000
0.000000
0.000000
0.000000
0.000000
0.000000
0.000000
0.000000
0.000000
0.000000
0.000000
0.000000
0.000000
0.000000
0.000000
0.000000
0.000000
0.000000
0.000000
0.000000
0.000000
0.000000
0.000000
0.000000
0.000000
0.000000
0.000000
0.000000
0.000000
0.000000
0.000000
0.000000
0.000000
0.000000
0.000000
0.000000
0.000000
0.000000
0.000000
0.000000
0.000000
0.000000
0.000000
0.000000
0.000000
0.000000
0.000000
0.000000
0.000000
0.000000
0.000000
0.000000
0.000000
0.000000
0.000000
0.000000
0.000000
0.000000
0.000000
0.000000
0.000000
0.000000
0.000000
0.000000
0.000000
0.000000
0.000000
0.000000
0.000000
0.000000
0.000000
0.000000
0.000000
0.000000
0.000000
0.000000
0.000000
0.000000
0.000000
0.000000
0.000000
0.000000
0.000000
0.000000
0.000000
0.000000
0.000000
0.000000
0.000000
0.000000
0.000000
0.000000
0.000000
0.000000
0.000000
0.000000
0.000000
0.000000
0.000000
0.000000
0.000000
0.000000
0.000000
0.000000
0.000000
0.000000
0.000000
0.000000
0.000000
0.000000
0.000000
0.000000
0.000000
0.000000
0.000000
0.000000
0.000000
0.000000
0.000000
0.000000
0.000000
0.000000
0.000000
0.000000
0.000000
0.000000
0.000000
0.000000
0.000000
0.000000
0.000000
0.000000
0.000000
0.000000
0.000000
0.000000
0.000000
0.000000
0.000000
0.000000
0.000000
0.000000
0.000000
0.000000
0.000000
0.000000
0.000000
0.000000
0.000000
0.000000
0.000000
0.000000
0.000000
0.000000
0.000000
0.000000
0.000000
0.000000
0.000000
0.000000
0.000000
0.000000
0.000000
0.000000
0.000000
0.000000
0.000000
0.000000
0.000000
0.000000
0.000000
0.000000
0.000000
0.000000
0.000000
0.000000
0.000000
0.000000
