0.000000
2.363330
0.716550
0.479550
0.328800
0.238150
0.186950
0.149310
0.120540
0.103560
0.090010
0.077830
0.069660
0.061640
0.056610
0.052070
0.046810
0.044580
0.042930
0.040410
0.037300
0.035970
0.034770
0.033310
0.033070
0.031150
0.030930
0.029550
0.027850
0.027260
0.024890
0.024520
0.024010
0.022650
0.020500
0.019280
0.017920
0.015590
0.014350
0.012610
0.009540
0.008200
0.005970
0.004460
0.002910
0.001760
0.001050
0.000440
0.000190
0.000060
0.000010
0.000030
0.000000
0.000000
0.000000
0.000000
0.000000
0.000000
0.000000
0.000000
0.000000
0.000000
0.000000
0.000000
