4.565931
4.666491
4.726205
4.918600
5.083421
5.229252
5.356567
5.517484
5.656806
5.772252
5.934014
6.078112
6.283343
6.485399
6.599728
6.851882
7.011864
7.333923
7.475972
7.655616
7.867989
8.151592
8.573783
8.753695
8.960953
9.249171
9.698012
9.858183
10.300150
10.686733
11.020294
11.489667
11.629708
12.150950
12.665047
13.104551
13.633666
14.090258
14.727572
15.112650
15.680180
16.329140
17.146009
17.879627
18.336399
19.301352
20.213314
20.905262
21.648281
22.641943
23.823938
25.066135
25.504230
27.766352
28.356878
30.938972
31.149515
32.747356
34.351231
36.548744
38.740334
40.469326
41.994701
43.641087
47.795670
50.822136
52.941540
56.258495
58.666370
60.302776
66.396935
70.488029
73.211014
76.009430
82.723213
86.589996
91.077888
96.332504
104.021286
109.371300
113.940582
115.976257
123.607124
125.724854
137.170959
140.514633
142.992157
150.110474
153.441666
158.132050
152.251984
162.956436
157.890533
165.699219
171.186768
162.446259
162.112732
158.494354
159.598465
154.020279
154.173096
141.259460
138.811569
139.009903
117.266533
113.661079
108.876869
103.483345
97.700165
87.006416
84.209778
65.739571
65.491837
53.476273
56.989719
42.404354
51.257542
35.281391
35.012428
23.099501
16.988947
20.095098
18.173325
16.915350
13.124119
10.748127
8.110014
5.713386
6.208070
5.846892
5.539128
3.918226
2.781821
2.747330
2.811818
2.601025
1.338986
1.491136
1.119872
0.804432
1.277650
0.631651
0.611545
0.798144
0.546959
0.452232
0.526134
0.378766
0.386033
0.292969
0.294070
0.239642
0.225918
0.240923
0.192625
0.180087
0.175368
0.166990
0.137120
0.119288
0.153099
0.121497
0.106655
0.127957
0.108349
0.070595
0.073495
0.065686
0.073989
0.059468
0.055128
0.045617
0.038262
0.053591
0.042053
0.049136
0.035419
0.040385
0.028188
0.031863
0.027105
0.031056
0.024129
0.022986
0.021761
0.019723
0.020139
0.017000
0.016180
0.017166
0.013546
0.013898
0.014420
0.014164
0.011763
0.009852
0.009996
0.022007
0.009881
0.008438
