0.000000
0.000000
0.000000
0.000000
0.000000
0.000000
0.000000
0.000000
0.000000
0.000000
0.000000
0.000000
0.000000
0.000000
0.000000
0.000000
0.000000
0.000000
0.000000
0.000000
0.000000
0.000000
0.000000
0.000000
0.000000
0.000000
0.000000
0.000000
0.000000
0.000000
0.000000
0.000000
0.000000
0.000000
0.000000
0.000000
0.000000
0.000000
0.000000
0.000000
0.000000
0.000000
0.000000
0.000000
0.000000
0.000000
0.000000
0.000000
0.000000
0.000000
0.000000
0.000000
0.000000
0.000000
0.000000
0.000000
0.000000
0.000000
0.000000
0.000000
0.000000
0.000000
0.000000
0.000000
0.000000
0.000000
0.000000
0.000000
0.000000
0.000000
0.000000
0.000000
0.000000
0.000000
0.000000
0.000000
0.000000
0.000000
0.000000
0.000000
0.000000
0.000000
0.000000
0.000000
0.000000
0.000000
0.000000
0.000000
0.000000
0.000000
0.000000
0.000000
0.000000
0.000000
0.000000
0.000000
0.000000
0.000000
0.000000
0.000000
0.000000
0.000000
0.000000
0.000000
0.000000
0.000000
0.000000
0.000000
0.000000
0.000000
0.000000
0.000000
0.000000
0.000000
0.000000
0.000000
0.000000
0.000000
0.000000
0.000000
0.000000
0.000000
0.000000
0.000000
0.000000
0.000000
0.000000
0.000000
0.000000
0.000000
0.000000
0.000000
0.000000
0.000000
0.000000
0.000000
0.000000
0.000000
0.000000
0.000000
0.000000
0.000000
0.000000
0.000000
0.000000
0.000000
0.000000
0.000000
0.000000
0.000000
0.000000
0.000000
0.000000
0.000000
0.000000
0.000000
0.000000
0.000000
0.000000
0.000000
0.000000
0.000000
0.000000
0.000000
0.000000
0.000000
0.000000
0.000000
0.000000
0.000000
0.000000
0.000000
0.000000
0.000000
0.000000
0.000000
0.000000
0.000000
0.000000
0.000000
0.000000
0.000000
0.000000
0.000000
0.000000
0.000000
0.000000
0.000000
0.000000
0.000000
0.000000
0.000000
0.000000
0.000000
0.000000
0.000000
0.000000
0.000000
0.000000
0.000000
0.000000
0.000000
0.000000
0.000000
0.000000
0.000000
0.000000
0.000000
0.000000
0.000000
0.000000
0.000000
0.000000
0.000000
0.000000
0.000000
0.000000
0.000000
0.000000
0.000000
0.000000
0.000000
0.000000
0.000000
0.000000
0.000000
0.000000
0.000000
0.000000
0.000000
0.000000
0.000000
0.000000
0.000000
0.000000
0.000000
0.000000
0.000000
0.000000
0.000000
0.000000
0.000000
0.000000
0.000000
0.000000
0.000000
0.000000
0.000000
0.000000
0.000000
0.000000
0.000000
0.000000
0.000000
0.000000
0.000000
0.000000
0.000000
0.000000
0.000000
0.000000
0.000000
0.000000
0.000000
0.000000
0.000000
0.000000
0.000000
0.000000
0.000000
0.000000
0.000000
0.000000
0.000000
0.000000
0.000000
0.000000
0.000000
0.000000
0.000000
0.000000
0.000000
0.000000
0.000000
0.000000
0.000000
0.000000
0.000000
0.000000
0.000000
0.000000
0.000000
0.000000
0.000000
0.000000
0.000000
0.000000
0.000000
0.000000
0.000000
0.000000
0.000000
0.000000
0.000000
0.000000
0.000000
0.000000
0.000000
0.000000
0.000000
0.000000
0.000000
0.000000
0.000000
0.000000
0.000000
0.000000
0.000000
0.000000
0.000000
0.000000
0.000000
0.000000
0.000000
0.000000
0.000000
0.000000
0.000000
0.000000
0.000000
0.000000
0.000000
0.000000
0.000000
0.000000
0.000000
0.000000
0.000000
0.000000
0.000000
0.000000
0.000000
0.000000
0.000000
0.000000
0.000000
0.000000
0.000000
0.000000
0.000000
0.000000
0.000000
0.000000
0.000000
0.000000
0.000000
0.000000
0.000000
0.000000
0.000000
0.000000
0.000000
0.000000
0.000000
0.000000
0.000000
0.000000
0.000000
0.000000
0.000000
0.000000
0.000000
0.000000
0.000000
0.000000
0.000000
0.000000
0.000000
0.000000
0.000000
0.000000
0.000000
0.000000
0.000000
0.000000
0.000000
0.000000
0.000000
0.000000
0.000000
0.000000
0.000000
0.000000
0.000000
0.000200
0.000000
0.000000
0.000000
0.000000
0.000000
0.000000
0.000000
0.000000
0.000000
0.000000
0.000000
0.000000
0.000000
0.000000
0.000000
0.000000
0.000000
0.000200
0.000200
0.000000
0.000000
0.000000
0.000000
0.000000
0.000000
0.000000
0.000200
0.000000
0.000000
0.000000
0.000000
0.000000
0.000000
0.000000
0.000000
0.000000
0.000200
0.000600
0.000200
0.000200
0.000200
0.000000
0.000200
0.000000
0.000000
0.000200
0.000000
0.000000
0.000200
0.000000
0.000000
0.000200
0.000200
0.000600
0.000400
0.000200
0.000000
0.000400
0.000600
0.000200
0.000600
0.000600
0.000600
0.001000
0.001400
0.001000
0.000400
0.001200
0.000800
0.000800
0.000800
0.002000
0.002400
0.001800
0.001000
0.001200
0.002000
0.001400
0.000600
0.002800
0.002200
0.002000
0.003000
0.002200
0.002000
0.002800
0.005000
0.004000
0.003000
0.004400
0.004400
0.003400
0.003800
0.007200
0.004800
0.005000
0.006200
0.007800
0.006600
0.008800
0.007400
0.007600
0.012000
0.008800
0.010800
0.012600
0.010600
0.010600
0.013600
0.013600
0.013400
0.016000
0.015200
0.013200
0.015400
0.018600
0.021000
0.023600
0.023000
0.020600
0.025000
0.025600
0.024600
0.031400
0.034000
0.033200
0.036000
0.035800
0.040600
0.043000
0.041400
0.047200
0.042200
0.054400
0.053200
0.056600
0.056400
0.064400
0.060600
0.065800
0.072600
0.077800
0.079600
0.086800
0.087200
0.086600
0.100400
0.098000
0.101600
0.112200
0.115600
0.114400
0.122000
0.134000
0.132000
0.143000
0.144200
0.150800
0.149400
0.157400
0.165600
0.163000
0.183200
0.185800
0.200200
0.205600
0.211600
0.205400
0.225400
0.239200
0.237200
0.234200
0.254800
0.267200
0.268000
0.273800
0.279600
0.312000
0.298000
0.304600
0.326800
0.344400
0.346600
0.333800
0.355000
0.367000
0.378000
0.410800
0.409600
0.412400
0.412600
0.420000
0.429600
0.453600
0.463800
0.461200
0.488200
0.490600
0.494600
0.505400
0.516600
0.540400
0.530000
0.553200
0.550000
0.570600
0.577800
0.586000
0.611800
0.603000
0.619800
0.620000
0.640200
0.648200
0.651600
0.665800
0.670400
0.691200
0.696400
0.697000
0.701800
0.718200
0.722400
0.736800
0.747800
0.756200
0.762200
0.757600
0.780800
0.782800
0.791000
0.802400
0.804800
0.822000
0.825000
0.832800
0.827400
0.833200
0.850200
0.853800
0.853600
0.858200
0.871000
0.874800
0.870600
0.883800
0.888000
0.892400
0.899000
0.906000
0.910200
0.912200
0.918600
0.920600
0.929400
0.924600
0.926000
0.936000
0.931200
0.944600
0.942800
0.944000
0.951000
0.943200
0.952800
0.950200
0.953600
0.961000
0.959600
0.966800
0.961400
0.971600
0.967800
0.969400
0.966600
0.975000
0.975000
0.976400
0.975800
0.981200
0.980000
0.982800
0.982200
0.985200
0.983400
0.986600
0.985800
0.987600
0.987600
0.989800
0.990400
0.992000
0.992400
0.990000
0.991800
0.992200
0.994200
0.994200
0.994200
0.992800
0.994600
0.996000
0.993600
0.996800
0.995200
0.995200
0.996600
0.998000
0.996600
0.996000
0.997000
0.997200
0.997200
0.997000
0.994000
0.997800
0.997600
0.998600
0.999400
0.997800
0.999600
0.999400
0.999400
0.998200
0.998800
0.999400
0.999400
0.999600
0.999200
0.999600
0.999600
0.999800
0.999600
0.999600
0.999000
1.000000
0.999400
0.999800
0.999600
0.999400
0.999800
0.999400
0.999800
0.999800
1.000000
1.000000
1.000000
0.999800
0.999800
0.999800
0.999600
1.000000
1.000000
0.999800
0.999800
1.000000
1.000000
1.000000
1.000000
1.000000
1.000000
1.000000
1.000000
1.000000
1.000000
1.000000
1.000000
0.999800
1.000000
1.000000
1.000000
1.000000
1.000000
1.000000
1.000000
1.000000
1.000000
1.000000
1.000000
1.000000
1.000000
1.000000
1.000000
1.000000
1.000000
1.000000
1.000000
1.000000
1.000000
1.000000
1.000000
1.000000
1.000000
1.000000
1.000000
1.000000
1.000000
1.000000
1.000000
1.000000
1.000000
1.000000
1.000000
1.000000
1.000000
1.000000
1.000000
1.000000
1.000000
1.000000
1.000000
1.000000
1.000000
1.000000
1.000000
1.000000
1.000000
1.000000
1.000000
1.000000
1.000000
1.000000
1.000000
1.000000
1.000000
1.000000
1.000000
1.000000
1.000000
1.000000
1.000000
1.000000
1.000000
1.000000
1.000000
1.000000
1.000000
1.000000
1.000000
1.000000
1.000000
1.000000
1.000000
1.000000
1.000000
1.000000
1.000000
1.000000
1.000000
1.000000
1.000000
1.000000
1.000000
1.000000
1.000000
1.000000
1.000000
1.000000
1.000000
1.000000
1.000000
1.000000
1.000000
1.000000
1.000000
1.000000
1.000000
1.000000
1.000000
1.000000
1.000000
1.000000
1.000000
1.000000
1.000000
1.000000
1.000000
1.000000
1.000000
1.000000
1.000000
1.000000
1.000000
1.000000
1.000000
1.000000
1.000000
1.000000
1.000000
1.000000
1.000000
1.000000
1.000000
1.000000
1.000000
1.000000
1.000000
1.000000
1.000000
1.000000
1.000000
1.000000
1.000000
1.000000
1.000000
1.000000
1.000000
1.000000
1.000000
1.000000
1.000000
1.000000
1.000000
1.000000
1.000000
1.000000
1.000000
1.000000
1.000000
1.000000
1.000000
1.000000
1.000000
1.000000
1.000000
1.000000
1.000000
1.000000
1.000000
1.000000
1.000000
1.000000
1.000000
1.000000
1.000000
1.000000
1.000000
1.000000
1.000000
1.000000
1.000000
1.000000
1.000000
1.000000
1.000000
1.000000
1.000000
1.000000
1.000000
1.000000
1.000000
1.000000
1.000000
1.000000
1.000000
1.000000
1.000000
1.000000
1.000000
1.000000
1.000000
1.000000
1.000000
1.000000
1.000000
1.000000
1.000000
1.000000
1.000000
1.000000
1.000000
1.000000
1.000000
1.000000
1.000000
1.000000
1.000000
1.000000
1.000000
1.000000
1.000000
1.000000
1.000000
1.000000
1.000000
1.000000
1.000000
1.000000
1.000000
1.000000
1.000000
1.000000
1.000000
1.000000
1.000000
1.000000
1.000000
1.000000
1.000000
1.000000
1.000000
1.000000
1.000000
1.000000
1.000000
