0.000000
0.000000
0.000000
0.000000
0.000000
0.000000
0.000000
0.000000
0.000000
0.000000
0.000000
0.000000
0.000000
0.000000
0.000000
0.000000
0.000000
0.000000
0.000000
0.000000
0.000000
0.000000
0.000000
0.000000
0.000000
0.000000
0.000000
0.000000
0.000000
0.000250
0.000000
0.000000
0.000250
0.000000
0.000000
0.000000
0.000500
0.000000
0.000000
0.000000
0.000000
0.000000
0.000000
0.000000
0.000312
0.000000
0.000250
0.000000
0.000000
0.000250
0.000375
0.000250
0.000000
0.000250
0.000000
0.000312
0.000625
0.000625
0.000000
0.000312
0.000312
0.000000
0.000312
0.000000
0.000000
0.000000
0.000813
0.000000
0.000312
0.000312
0.000312
0.001500
0.000312
0.001438
0.002000
0.000250
0.001750
0.001750
0.000687
0.001438
0.001125
0.001375
0.001438
0.001875
0.000750
0.001000
0.001250
0.001937
0.001937
0.002125
0.003750
0.000937
0.002062
0.001250
0.005125
0.003250
0.002125
0.002500
0.001750
0.002000
0.004375
0.002500
0.004188
0.004750
0.003750
0.003312
0.003875
0.007500
0.005375
0.002313
0.004062
0.005375
0.005875
0.004250
0.006250
0.006750
0.007312
0.003938
0.007938
0.009250
0.007188
0.004562
0.006125
0.007812
0.009375
0.009062
0.010500
0.010125
0.011812
0.010937
0.007875
0.009937
0.012125
0.008687
0.010500
0.013000
0.010562
0.011125
0.015125
0.011188
0.014750
0.016000
0.015875
0.019750
0.017750
0.016562
0.014375
0.018313
0.014500
0.019312
0.015188
0.023312
0.018625
0.020562
0.020625
0.021125
0.024000
0.025062
0.026000
0.025062
0.024813
0.021938
0.029500
0.029375
0.025125
0.027438
0.038375
0.033500
0.035437
0.037313
0.032313
0.033188
0.037750
0.045313
0.041063
0.037437
0.044687
0.048313
0.038438
0.042750
0.048437
0.048375
0.050687
0.048313
0.049375
0.053000
0.056625
0.053375
0.046813
0.052938
0.062375
0.062375
0.059000
0.054063
0.052938
0.055438
0.071250
0.065687
0.070437
0.069187
0.066250
0.082438
0.075813
0.083500
0.084000
0.082500
0.081000
0.078313
0.078000
0.086438
0.072500
0.082562
0.094438
0.108750
0.108062
0.086562
0.101687
0.105312
0.102125
0.097375
0.107313
0.096000
0.125313
0.109500
0.115250
0.109937
0.124312
0.118813
0.132687
0.134188
0.125563
0.125000
0.128500
0.146687
0.142125
0.138063
0.142875
0.149625
0.171438
0.158937
0.158187
0.160625
0.169437
0.162375
0.158625
0.154750
0.165438
0.166938
0.172125
0.183625
0.172250
0.184500
0.190125
0.174812
0.185625
0.198250
0.202063
0.213437
0.196063
0.217000
0.209375
0.202312
0.227812
0.224812
0.221250
0.212688
0.242125
0.242437
0.239375
0.242000
0.234125
0.240313
0.232438
0.258188
0.266000
0.263750
0.269188
0.267687
0.250562
0.272500
0.266500
0.276812
0.285500
0.281750
0.283062
0.291000
0.292250
0.301937
0.306125
0.306125
0.305875
0.301500
0.301688
0.309250
0.325625
0.325875
0.330813
0.331437
0.343375
0.342438
0.341062
0.350688
0.384438
0.345812
0.360625
0.374938
0.384313
0.364500
0.378625
0.387125
0.367188
0.401188
0.402187
0.387125
0.393313
0.406625
0.403937
0.426187
0.414187
0.428250
0.421000
0.425312
0.424062
0.422312
0.446438
0.441625
0.442875
0.474125
0.461875
0.443750
0.471938
0.460813
0.474375
0.474500
0.482062
0.500437
0.499938
0.489125
0.472500
0.509188
0.506437
0.499375
0.515000
0.524312
0.516000
0.537437
0.516312
0.521062
0.530750
0.549937
0.539500
0.555875
0.556625
0.558500
0.577875
0.552000
0.576375
0.578687
0.569562
0.601625
0.592812
0.603188
0.589125
0.607813
0.603375
0.601562
0.610937
0.610000
0.615500
0.641563
0.629562
0.648438
0.637375
0.654250
0.642500
0.653313
0.647313
0.667313
0.663000
0.687187
0.665875
0.691125
0.675062
0.677375
0.686250
0.698625
0.704687
0.689812
0.696938
0.695125
0.713000
0.712563
0.712313
0.719125
0.727313
0.728562
0.727625
0.740625
0.748000
0.734812
0.739500
0.734187
0.756688
0.757875
0.750812
0.762375
0.764875
0.765312
0.759938
0.777062
0.773938
0.793312
0.769500
0.782562
0.796875
0.788000
0.797125
0.811250
0.801188
0.806437
0.805875
0.809062
0.829250
0.815938
0.819375
0.825562
0.829562
0.833000
0.831000
0.840125
0.836375
0.836312
0.852687
0.843687
0.851438
0.850937
0.855687
0.857562
0.860875
0.869812
0.870625
0.859625
0.868813
0.882250
0.879062
0.879062
0.879500
0.874125
0.890688
0.886375
0.898125
0.903063
0.905500
0.894687
0.903875
0.896438
0.901375
0.905875
0.910750
0.914625
0.914000
0.918625
0.920563
0.920687
0.924625
0.927562
0.928250
0.932000
0.935375
0.937187
0.937437
0.940437
0.941813
0.945562
0.942563
0.942563
0.951063
0.954938
0.955312
0.957187
0.959188
0.960625
0.962000
0.965312
0.967938
0.967938
0.969125
0.973000
0.975750
0.980187
0.979937
0.981188
0.984250
0.986063
0.987625
0.989937
0.990937
0.994750
0.995500
0.998250
