0.000000
0.000000
0.000000
0.000000
0.000000
0.000000
0.000000
0.000000
0.000000
0.000000
0.000000
0.000000
0.000000
0.000000
0.000000
0.000000
0.000000
0.000000
0.000000
0.000000
0.000000
0.000000
0.000000
0.000000
0.000000
0.000000
0.000000
0.000000
0.000000
0.000000
0.000000
0.000000
0.000000
0.000000
0.000000
0.000000
0.000000
0.000000
0.000000
0.000000
0.000000
0.000000
0.000000
0.000000
0.000000
0.000000
0.000000
0.000000
0.000000
0.000000
0.000000
0.000000
0.000000
0.000000
0.000000
0.000000
0.000000
0.000000
0.000000
0.000000
0.000000
0.000000
0.000000
0.000000
0.000000
0.000000
0.000000
0.000000
0.000000
0.000000
0.000000
0.000000
0.000000
0.000000
0.000000
0.000000
0.000000
0.000000
0.000000
0.000000
0.000000
0.000000
0.000000
0.000000
0.000000
0.000000
0.000000
0.000000
0.000000
0.000000
0.000000
0.000000
0.000000
0.000000
0.000000
0.000000
0.000000
0.000000
0.000000
0.000000
0.000000
0.000000
0.000000
0.000000
0.000000
0.000000
0.000000
0.000000
0.000000
0.000000
0.000000
0.000000
0.000000
0.000000
0.000000
0.000000
0.000000
0.000000
0.000000
0.000000
0.000000
0.000000
0.000000
0.000000
0.000000
0.000000
0.000000
0.000000
0.000000
0.000000
0.000000
0.000000
0.000000
0.000000
0.000000
0.000000
0.000000
0.000000
0.000000
0.000000
0.000000
0.000000
0.000000
0.000000
0.000000
0.000000
0.000000
0.000000
0.000000
0.000000
0.000000
0.000000
0.000000
0.000000
0.000000
0.000000
0.000000
0.000000
0.000000
0.000000
0.000000
0.000000
0.000000
0.000000
0.000000
0.000000
0.000000
0.000000
0.000000
0.000000
0.000000
0.000000
0.000000
0.000000
0.000000
0.000000
0.000000
0.000000
0.000000
0.000000
0.000000
0.000000
0.000000
0.000000
0.000000
0.000000
0.000000
0.000000
0.000000
0.000000
0.000000
0.000000
0.000000
0.000000
0.000000
0.000000
0.000000
0.000000
0.000000
0.000000
0.000000
0.000000
0.000000
0.000000
0.000000
0.000000
0.000000
0.000000
0.000000
0.000000
0.000000
0.000000
0.000000
0.000000
0.000000
0.000000
0.000000
0.000000
0.000000
0.000000
0.000000
0.000000
0.000000
0.000000
0.000000
0.000000
0.000000
0.000000
0.000000
0.000000
0.000000
0.000000
0.000000
0.000000
0.000000
0.000000
0.000000
0.000000
0.000000
0.000000
0.000000
0.000000
0.000000
0.000000
0.000000
0.000000
0.000000
0.000000
0.000000
0.000000
0.000000
0.000000
0.000000
0.000000
0.000000
0.000000
0.000000
0.000000
0.000000
0.000000
0.000000
0.000000
0.000000
0.000000
0.000000
0.000000
0.000000
0.000000
0.000000
0.000000
0.000000
0.000000
0.000000
0.000000
0.000000
0.000000
0.000000
0.000000
0.000000
0.000000
0.000000
0.000000
0.000000
0.000000
0.000000
0.000000
0.000000
0.000000
0.000000
0.000000
0.000000
0.000000
0.000000
0.000000
0.000000
0.000000
0.000000
0.000000
0.000000
0.000000
0.000000
0.000000
0.000000
0.000000
0.000000
0.000000
0.000000
0.000000
0.000000
0.000000
0.000000
0.000000
0.000000
0.000000
0.000000
0.000000
0.000000
0.000000
0.000000
0.000000
0.000000
0.000000
0.000000
0.000000
0.000000
0.000000
0.000000
0.000000
0.000000
0.000000
0.000000
0.000000
0.000000
0.000000
0.000000
0.000000
0.000000
0.000000
0.000000
0.000000
0.000000
0.000000
0.000000
0.000000
0.000000
0.000000
0.000000
0.000000
0.000000
0.000000
0.000000
0.000000
0.000000
0.000000
0.000000
0.000000
0.000000
0.000000
0.000000
0.000000
0.000000
0.000000
0.000000
0.000000
0.000000
0.000000
0.000000
0.000000
0.000000
0.000000
0.000000
0.000000
0.000000
0.000000
0.000000
0.000000
0.000000
0.000000
0.000000
0.000000
0.000000
0.000000
0.000000
0.000000
0.000000
0.000000
0.000000
0.000000
0.000000
0.000000
0.000000
0.000000
0.000000
0.000000
0.000000
0.000000
0.000000
0.000000
0.000000
0.000000
0.000000
0.000000
0.000000
0.000000
0.000000
0.000000
0.000000
0.000000
0.000000
0.000000
0.000000
0.000000
0.000000
0.000000
0.000000
0.000000
0.000000
0.000000
0.000000
0.000000
0.000000
0.000000
0.000000
0.000000
0.000000
0.000000
0.000000
0.000000
0.000000
0.000000
0.000000
0.000000
0.000000
0.000000
0.000000
0.000000
0.000000
0.000000
0.000000
0.000000
0.000000
0.000000
0.000000
0.000000
0.000000
0.000000
0.000000
0.000000
0.000000
0.000000
0.000000
0.000000
0.000000
0.000000
0.000000
0.000000
0.000000
0.000000
0.000000
0.000000
0.000000
0.000000
0.000000
0.000000
0.000000
0.000000
0.000000
0.000000
0.000000
0.000000
0.000000
0.000000
0.000000
0.000000
0.000000
0.000000
0.000000
0.000000
0.000000
0.000000
0.000000
0.000000
0.000000
0.000000
0.000000
0.000000
0.000000
0.000000
0.000000
0.000000
0.000000
0.000000
0.000024
0.000000
0.000000
0.000000
0.000000
0.000000
0.000000
0.000032
0.000068
0.000039
0.000043
0.000038
0.000022
0.000000
0.000047
0.000097
0.000000
0.000081
0.000068
0.000054
0.000061
0.000108
0.000121
0.000092
0.000203
0.000027
0.000024
0.000095
0.000185
0.000284
0.000245
0.000440
0.000496
0.000543
0.000513
0.000679
0.000727
0.000785
0.001020
0.000729
0.001394
0.001748
0.001241
0.001327
0.001079
0.001961
0.001878
0.002471
0.002995
0.003111
0.003256
0.003815
0.003743
0.005499
0.006280
0.005533
0.005780
0.007157
0.007917
0.008333
0.008918
0.010337
0.009661
0.012570
0.013306
0.014719
0.015995
0.017711
0.018813
0.021529
0.024403
0.022302
0.027249
0.030858
0.031566
0.034881
0.036593
0.041226
0.043479
0.047533
0.052277
0.056948
0.061091
0.065026
0.066489
0.071590
0.077057
0.081250
0.088973
0.094430
0.096713
0.104350
0.113493
0.116141
0.128673
0.136567
0.143910
0.147596
0.154054
0.167448
0.173683
0.179436
0.191368
0.194547
0.203440
0.212164
0.221269
0.231728
0.239529
0.249889
0.260044
0.269610
0.275834
0.286290
0.293534
0.302456
0.311812
0.327224
0.337691
0.346174
0.353708
0.359930
0.373987
0.378361
0.390377
0.396480
0.403056
0.413957
0.421392
0.431059
0.439581
0.443783
0.453444
0.459289
0.463114
0.469868
0.478153
0.482326
0.490571
0.493270
0.500145
0.507621
0.515782
0.516678
0.524262
0.527727
0.536201
0.539519
0.543896
0.545313
0.550170
0.554921
0.559122
0.564166
0.567558
0.569999
0.572942
0.575485
0.579153
0.583248
0.586169
0.588940
0.592669
0.595286
0.597451
0.599834
0.602914
0.606760
0.607173
0.610125
0.612958
0.614592
0.616727
0.620088
0.621226
0.623711
0.625914
0.627936
0.629969
0.631392
0.633688
0.635037
0.637563
0.639234
0.640717
0.643319
0.644892
0.646396
0.647928
0.650145
0.651969
0.652899
0.655069
0.656350
0.658334
0.659857
0.661941
0.662789
0.664748
0.666314
0.667357
0.669120
0.671128
0.672370
0.673632
0.675130
0.676513
0.678117
0.679390
0.680928
0.682374
0.683647
0.685183
0.686255
0.688009
0.689491
0.690639
0.691685
0.693166
0.694597
0.695869
0.696804
0.698659
0.699803
0.701162
0.702465
0.703543
0.705009
0.706087
0.707764
0.709102
0.710069
0.711781
0.712628
0.713924
0.715197
0.716462
0.717741
0.718935
0.720171
0.721497
0.722535
0.723709
0.724954
0.726205
0.727230
0.728439
0.729361
0.730843
0.731794
0.733179
0.734372
0.735547
0.736665
0.737882
0.739166
0.740118
0.741515
0.742362
0.743620
0.744657
0.746062
0.747276
0.748226
0.749616
0.750491
0.751368
0.752729
0.753846
0.754973
0.756004
0.757216
0.758324
0.759342
0.760655
0.761507
0.762786
0.763821
0.765057
0.766176
0.767304
0.768388
0.769434
0.770248
0.771552
0.772745
0.773675
0.774720
0.775759
0.776937
0.777998
0.779244
0.780193
0.781498
0.782124
0.783321
0.784559
0.785473
0.786693
0.787776
0.789027
0.789837
0.790958
0.792057
0.793050
0.794143
0.795343
0.796310
0.797233
0.798411
0.799455
0.800617
0.801521
0.802693
0.803754
0.804744
0.805798
0.806769
0.807965
0.808980
0.809984
0.810966
0.812007
0.813040
0.814048
0.815196
0.816328
0.817272
0.818444
0.819372
0.820242
0.821465
0.822362
0.823448
0.824515
0.825516
0.826523
0.827698
0.828535
0.829735
0.830727
0.831776
0.832811
0.833717
0.834779
0.835732
0.836699
0.837876
0.838809
0.839895
0.841036
0.842060
0.843019
0.844083
0.845102
0.846065
0.847145
0.848273
0.849223
0.850338
0.851168
0.852360
0.853276
0.854231
0.855272
0.856398
0.857319
0.858446
0.859392
0.860477
0.861489
0.862460
0.863367
0.864430
0.865473
0.866418
0.867388
0.868515
0.869589
0.870523
0.871575
0.872585
0.873700
0.874532
0.875577
0.876606
0.877710
0.878551
0.879729
0.880637
0.881759
0.882673
0.883716
0.884849
0.885593
0.886658
0.887690
0.888678
0.889804
0.890782
0.891648
0.892821
0.893897
0.894697
0.895773
0.896779
0.897895
0.898742
0.899807
0.900821
0.901847
0.902951
0.903956
0.904850
0.905997
0.906800
0.907939
0.908955
0.909854
0.910772
0.911928
0.912912
0.913931
0.914929
0.915922
0.916959
0.917890
0.918897
0.919849
0.920972
0.922024
0.922933
0.923848
0.924957
0.925919
0.926977
0.927918
0.928847
0.929948
0.930860
0.931948
0.933075
0.933961
0.935010
0.936034
0.936939
0.938002
0.938916
0.939942
0.940907
0.941884
0.942911
0.944042
0.944920
0.945978
0.947022
0.947929
0.949048
0.949982
0.950894
0.951935
0.953031
0.954078
0.954973
0.955988
0.956982
0.958018
0.959051
0.960100
0.960941
0.961976
0.963016
0.963989
0.965006
0.966034
0.967046
0.968000
0.969071
0.969995
0.970974
0.972084
0.973005
0.974002
0.975069
0.976029
0.977071
0.978040
0.978996
0.980075
0.981012
0.982023
0.982949
0.984040
0.985019
0.985958
0.987009
0.988029
0.988993
0.990007
0.990995
0.992018
0.993016
0.993991
0.994990
0.995988
0.996992
0.997995
0.998995
