0.000000
0.000000
0.000000
0.000000
0.000000
0.000000
0.000000
0.000000
0.000000
0.000000
0.000000
0.000000
0.000000
0.000000
0.000000
0.000000
0.000000
0.000000
0.000000
0.000000
0.000000
0.000000
0.000000
0.000000
0.000000
0.000000
0.000000
0.000000
0.000000
0.000000
0.000000
0.000000
0.000000
0.000000
0.000000
0.000000
0.000000
0.000000
0.000000
0.000000
0.000000
0.000000
0.000000
0.000000
0.000000
0.000000
0.000000
0.000000
0.000000
0.000000
0.000000
0.000000
0.000000
0.000000
0.000000
0.000000
0.000000
0.000000
0.000000
0.000000
0.000000
0.000000
0.000000
0.000000
0.000000
0.000000
0.000000
0.000000
0.000000
0.000000
0.000000
0.000000
0.000000
0.000000
0.000000
0.000000
0.000000
0.000000
0.000000
0.000000
0.000000
0.000000
0.000000
0.000000
0.000000
0.000000
0.000000
0.000000
0.000000
0.000000
0.000000
0.000000
0.000000
0.000000
0.000000
0.000000
0.000000
0.000000
0.000000
0.000000
0.000000
0.000000
0.000000
0.000000
0.000000
0.000000
0.000000
0.000000
0.000000
0.000000
0.000000
0.000000
0.000000
0.000000
0.000000
0.000000
0.000000
0.000000
0.000000
0.000000
0.000000
0.000000
0.000000
0.000000
0.000000
0.000000
0.000000
0.000000
0.000000
0.000000
0.000000
0.000000
0.000000
0.000000
0.000000
0.000000
0.000000
0.000000
0.000000
0.000000
0.000000
0.000000
0.000000
0.000000
0.000000
0.000000
0.000000
0.000000
0.000000
0.000000
0.000000
0.000000
0.000000
0.000000
0.000000
0.000000
0.000000
0.000000
0.000000
0.000000
0.000000
0.000000
0.000000
0.000000
0.000000
0.000000
0.000000
0.000000
0.000000
0.000000
0.000000
0.000000
0.000000
0.000000
0.000000
0.000000
0.000000
0.000000
0.000000
0.000000
0.000000
0.000000
0.000000
0.000000
0.000000
0.000000
0.000000
0.000000
0.000000
0.000000
0.000000
0.000000
0.000000
0.000000
0.000000
0.000000
0.000000
0.000000
0.000000
0.000000
0.000000
0.000000
0.000000
0.000000
0.000000
0.000000
0.000000
0.000000
0.000000
0.000000
0.000000
0.000000
0.000000
0.000000
0.000000
0.000000
0.000000
0.000000
0.000000
0.000000
0.000000
0.000000
0.000000
0.000000
0.000000
0.000000
0.000000
0.000000
0.000000
0.000000
0.000000
0.000000
0.000000
0.000000
0.000000
0.000000
0.000000
0.000000
0.000000
0.000000
0.000000
0.000000
0.000000
0.000000
0.000000
0.000000
0.000000
0.000000
0.000000
0.000000
0.000000
0.000000
0.000000
0.000000
0.000000
0.000000
0.000000
0.000000
0.000000
0.000000
0.000000
0.000000
0.000000
0.000000
0.000000
0.000000
0.000000
0.000000
0.000000
0.000000
0.000000
0.000000
0.000000
0.000000
0.000000
0.000000
0.000000
0.000000
0.000000
0.000000
0.000000
0.000000
0.000000
0.000000
0.000000
0.000000
0.000000
0.000000
0.000000
0.000000
0.000000
0.000000
0.000000
0.000000
0.000000
0.000000
0.000000
0.000000
0.000000
0.000000
0.000000
0.000000
0.000000
0.000000
0.000000
0.000000
0.000000
0.000000
0.000000
0.000000
0.000000
0.000000
0.000000
0.000000
0.000000
0.000000
0.000000
0.000000
0.000000
0.000000
0.000000
0.000000
0.000000
0.000000
0.000000
0.000000
0.000000
0.000000
0.000000
0.000000
0.000000
0.000000
0.000000
0.000000
0.000000
0.000000
0.000000
0.000000
0.000000
0.000000
0.000000
0.000000
0.000000
0.000000
0.000000
0.000000
0.000000
0.000000
0.000000
0.000000
0.000000
0.000000
0.000000
0.000000
0.000000
0.000000
0.000000
0.000000
0.000000
0.000000
0.000000
0.000000
0.000000
0.000000
0.000000
0.000000
0.000000
0.000000
0.000000
0.000000
0.000000
0.000000
0.000000
0.000000
0.000000
0.000000
0.000000
0.000000
0.000000
0.000000
0.000000
0.000000
0.000000
0.000000
0.000000
0.000000
0.000000
0.000000
0.000000
0.000000
0.000000
0.000000
0.000000
0.000000
0.000000
0.000000
0.000000
0.000000
0.000000
0.000000
0.000000
0.000000
0.000000
0.000000
0.000000
0.000000
0.000000
0.000000
0.000000
0.000000
0.000000
0.000000
0.000000
0.000000
0.000000
0.000000
0.000000
0.000000
0.000000
0.000000
0.000000
0.000000
0.000000
0.000000
0.000000
0.000000
0.000000
0.000000
0.000000
0.000000
0.000000
0.000000
0.000000
0.000000
0.000000
0.000000
0.000000
0.000000
0.000000
0.000000
0.000000
0.000000
0.000000
0.000000
0.000000
0.000000
0.000000
0.000000
0.000000
0.000000
0.000000
0.000000
0.000000
0.000000
0.000000
0.000000
0.000000
0.000000
0.000000
0.000000
0.000000
0.000000
0.000000
0.000000
0.000000
0.000000
0.000000
0.000000
0.000000
0.000000
0.000000
0.000000
0.000000
0.000000
0.000000
0.000000
0.000000
0.000000
0.000000
0.000000
0.000000
0.000000
0.000000
0.000000
0.000000
0.000000
0.000000
0.000000
0.000000
0.000000
0.000000
0.000000
0.000000
0.000000
0.000000
0.000000
0.000000
0.000000
0.000000
0.000000
0.000000
0.000000
0.000000
0.000000
0.000000
0.000000
0.000000
0.000000
0.000000
0.000000
0.000000
0.000000
0.000000
0.000000
0.000000
0.000000
0.000000
0.000000
0.000000
0.000000
0.000000
0.000000
0.000000
0.000000
0.000000
0.000000
0.000000
0.000000
0.000000
0.000000
0.000000
0.000000
0.000000
0.000000
0.000000
0.000000
0.000042
0.000017
0.000000
0.000091
0.000000
0.000048
0.000043
0.000000
0.000111
0.000085
0.000044
0.000113
0.000194
0.000290
0.000238
0.000276
0.000379
0.000507
0.000615
0.000535
0.000785
0.001228
0.001311
0.001557
0.001569
0.002210
0.002556
0.003619
0.003784
0.004624
0.006358
0.006599
0.007851
0.009080
0.010293
0.012389
0.014956
0.017046
0.021119
0.022216
0.027284
0.030522
0.031959
0.038082
0.046013
0.051346
0.057189
0.065244
0.071272
0.076408
0.085489
0.099384
0.106943
0.119695
0.129308
0.140136
0.153414
0.163404
0.181176
0.191301
0.208746
0.219993
0.237075
0.247198
0.261063
0.274289
0.292114
0.304220
0.319313
0.331633
0.344245
0.359717
0.369882
0.388199
0.398504
0.407010
0.418902
0.429233
0.436398
0.447692
0.458430
0.467356
0.475193
0.479237
0.491118
0.495904
0.504291
0.510501
0.516196
0.522218
0.527084
0.529748
0.536585
0.540899
0.544043
0.547600
0.551605
0.555783
0.560552
0.562409
0.566259
0.569556
0.572174
0.575862
0.578767
0.580942
0.583734
0.586419
0.588917
0.591331
0.593627
0.596562
0.598481
0.600498
0.603130
0.605411
0.607203
0.609370
0.611461
0.613596
0.615455
0.617372
0.619293
0.620976
0.623133
0.625015
0.627120
0.628485
0.630518
0.632394
0.634073
0.635544
0.637243
0.638874
0.640966
0.642285
0.644012
0.645614
0.646957
0.648776
0.650193
0.651697
0.653468
0.654819
0.656125
0.657819
0.659313
0.660626
0.662182
0.663665
0.665129
0.666644
0.667899
0.669346
0.670620
0.672003
0.673532
0.674850
0.676266
0.677535
0.678965
0.680414
0.681578
0.683069
0.684449
0.685662
0.686939
0.688294
0.689356
0.690869
0.692005
0.693362
0.694600
0.695866
0.697016
0.698252
0.699502
0.700930
0.701922
0.703350
0.704407
0.705874
0.706969
0.708216
0.709418
0.710601
0.711815
0.712971
0.714195
0.715288
0.716562
0.717815
0.718945
0.720115
0.721284
0.722494
0.723518
0.724674
0.725922
0.726997
0.728334
0.729351
0.730484
0.731689
0.732856
0.733972
0.735175
0.736129
0.737437
0.738441
0.739691
0.740717
0.741945
0.743026
0.744084
0.745188
0.746330
0.747440
0.748597
0.749641
0.750732
0.751761
0.752947
0.754123
0.755127
0.756141
0.757347
0.758359
0.759573
0.760606
0.761767
0.762780
0.763928
0.764979
0.766103
0.767034
0.768232
0.769331
0.770312
0.771392
0.772450
0.773602
0.774613
0.775612
0.776781
0.777857
0.778933
0.780071
0.781025
0.782198
0.783126
0.784250
0.785235
0.786296
0.787351
0.788407
0.789492
0.790543
0.791496
0.792683
0.793625
0.794672
0.795821
0.796834
0.797836
0.798977
0.800000
0.801060
0.802000
0.803120
0.804084
0.805152
0.806245
0.807305
0.808262
0.809329
0.810351
0.811445
0.812383
0.813529
0.814470
0.815625
0.816552
0.817588
0.818547
0.819639
0.820671
0.821690
0.822734
0.823839
0.824799
0.825919
0.826874
0.827869
0.828950
0.829898
0.830977
0.831972
0.833014
0.834077
0.835116
0.836093
0.837103
0.838174
0.839185
0.840137
0.841182
0.842246
0.843250
0.844294
0.845264
0.846326
0.847322
0.848316
0.849402
0.850349
0.851369
0.852440
0.853436
0.854417
0.855408
0.856493
0.857487
0.858511
0.859471
0.860420
0.861538
0.862478
0.863623
0.864563
0.865563
0.866595
0.867599
0.868626
0.869620
0.870634
0.871601
0.872722
0.873682
0.874685
0.875705
0.876688
0.877669
0.878742
0.879715
0.880843
0.881705
0.882761
0.883767
0.884754
0.885749
0.886797
0.887810
0.888801
0.889832
0.890808
0.891776
0.892897
0.893860
0.894885
0.895835
0.896830
0.897817
0.898832
0.899901
0.900919
0.901859
0.902891
0.903839
0.904941
0.905911
0.906867
0.907883
0.908934
0.909921
0.910855
0.911943
0.912911
0.913934
0.914918
0.915938
0.916929
0.917937
0.918960
0.919909
0.920952
0.921993
0.922949
0.923955
0.924901
0.925998
0.926943
0.927998
0.928932
0.929943
0.930955
0.931924
0.932940
0.933956
0.935003
0.935957
0.936928
0.938011
0.938946
0.939991
0.940904
0.941963
0.943001
0.943975
0.944970
0.945998
0.946991
0.947992
0.949000
0.950016
0.950968
0.952011
0.953001
0.953946
0.954997
0.955973
0.956953
0.958002
0.958984
0.960004
0.960990
0.961989
0.962996
0.963990
0.964982
0.965995
0.967012
0.967979
0.969004
0.969999
0.970993
0.972027
0.973003
0.973974
0.975026
0.975985
0.976981
0.978031
0.979000
0.980002
0.981000
0.982025
0.982990
0.984020
0.984989
0.986000
0.986985
0.987969
0.989012
0.990006
0.991002
0.992001
0.992988
0.994009
0.995006
0.996003
0.996996
0.998003
0.999004
