26.701216
27.259260
28.042120
28.678221
29.701736
30.363174
30.991392
31.743708
32.667400
33.748703
34.342888
35.281494
36.014076
37.227966
38.126804
39.033066
40.324543
41.647373
42.522968
44.091511
45.662193
47.081551
48.645206
49.564034
51.124050
52.401001
54.683872
56.184872
57.765587
60.319244
62.785263
64.558319
66.770401
68.046043
71.146080
73.039307
76.467941
79.361771
82.704132
84.835487
87.340652
91.283669
95.361588
99.171028
104.847878
107.884819
114.350677
116.881157
121.028442
128.556137
132.008987
138.233658
144.195526
147.865372
161.533356
167.191223
174.920090
182.740204
190.931458
199.843399
211.755630
221.132492
233.043396
244.345398
252.931244
270.509186
276.457184
288.341797
304.465607
318.108795
334.468475
353.055206
364.340698
383.035858
392.762848
414.818878
424.634003
445.707886
453.289856
480.804321
476.329102
497.900909
516.371826
529.102234
542.599548
543.147156
543.571106
532.414795
543.320618
589.962524
565.911316
565.906372
548.299194
551.572998
554.283081
526.863220
492.908295
517.225708
477.138580
469.444611
483.464935
411.152405
423.946350
394.619385
391.108185
361.486786
321.336365
319.368866
301.174377
277.301758
244.859711
240.336884
176.066788
200.566147
174.006195
148.783020
135.779373
133.112839
117.511421
98.497215
86.904877
84.560982
81.453789
57.543709
61.260784
48.261257
35.895527
27.490463
29.635540
36.156609
26.257753
16.543968
20.961050
12.082767
18.438538
12.339602
11.853930
8.796542
5.454214
7.535806
5.764588
5.791371
4.249178
3.728131
5.200019
3.101292
5.764239
2.315680
2.789768
2.472677
2.045886
1.819636
1.789398
1.476355
2.007933
1.484458
1.393061
1.341446
1.166571
0.974073
0.985150
0.977124
0.855658
0.725500
0.763988
0.788964
0.785386
0.651446
0.700801
0.689541
0.574139
0.596890
0.519556
0.520355
0.465627
0.443328
0.416040
0.392800
0.372898
0.365257
0.349868
0.345625
0.329347
0.270680
0.333983
0.262122
0.257230
0.258034
0.251795
0.225465
0.209534
0.206229
0.196235
0.172852
0.181801
0.164759
0.155288
0.152599
0.149569
0.140403
