0.000000
0.000000
0.000000
0.000000
0.000000
0.000000
0.000000
0.000000
0.000000
0.000000
0.000000
0.000000
0.000000
0.000000
0.000000
0.000000
0.000000
0.000000
0.000000
0.000000
0.000000
0.000000
0.000000
0.000000
0.000000
0.000000
0.000000
0.000000
0.000000
0.000000
0.000000
0.000000
0.000000
0.000000
0.000000
0.000000
0.000000
0.000000
0.000000
0.000000
0.000000
0.000000
0.000000
0.000000
0.000000
0.000000
0.000000
0.000000
0.000000
0.000000
0.000000
0.000000
0.000000
0.000000
0.000000
0.000000
0.000000
0.000000
0.000000
0.000000
0.000000
0.000000
0.000000
0.000000
0.000000
0.000000
0.000000
0.000000
0.000000
0.000000
0.000000
0.000000
0.000000
0.000000
0.000000
0.000000
0.000000
0.000000
0.000000
0.000000
0.000000
0.000000
0.000000
0.000000
0.000000
0.000000
0.000000
0.000000
0.000000
0.000000
0.000000
0.000000
0.000000
0.000000
0.000000
0.000000
0.000000
0.000000
0.000000
0.000000
0.000000
0.000000
0.000000
0.000000
0.000000
0.000000
0.000000
0.000000
0.000000
0.000000
0.000000
0.000000
0.000000
0.000000
0.000000
0.000000
0.000000
0.000000
0.000000
0.000000
0.000000
0.000000
0.000000
0.000000
0.000000
0.000000
0.000000
0.000000
0.000000
0.000000
0.000000
0.000000
0.000000
0.000000
0.000000
0.000000
0.000000
0.000000
0.000000
0.000000
0.000000
0.000000
0.000000
0.000000
0.000000
0.000000
0.000000
0.000000
0.000000
0.000000
0.000000
0.000000
0.000000
0.000000
0.000000
0.000000
0.000000
0.000000
0.000000
0.000000
0.000000
0.000000
0.000000
0.000000
0.000000
0.000000
0.000000
0.000000
0.000000
0.000000
0.000000
0.000000
0.000000
0.000000
0.000000
0.000000
0.000000
0.000000
0.000000
0.000000
0.000000
0.000000
0.000000
0.000000
0.000000
0.000000
0.000000
0.000000
0.000000
0.000000
0.000000
0.000000
0.000000
0.000000
0.000000
0.000000
0.000000
0.000000
0.000000
0.000000
0.000000
0.000000
0.000000
0.000000
0.000000
0.000000
0.000000
0.000000
0.000000
0.000000
0.000000
0.000000
0.000000
0.000000
0.000000
0.000000
0.000000
0.000000
0.000000
0.000000
0.000000
0.000000
0.000000
0.000000
0.000000
0.000000
0.000000
0.000000
0.000000
0.000000
0.000000
0.000000
0.000000
0.000000
0.000000
0.000000
0.000000
0.000000
0.000000
0.000000
0.000000
0.000000
0.000000
0.000000
0.000000
0.000000
0.000000
0.000000
0.000000
0.000000
0.000000
0.000000
0.000000
0.000000
0.000000
0.000000
0.000000
0.000000
0.000000
0.000000
0.000000
0.000000
0.000000
0.000000
0.000000
0.000000
0.000000
0.000000
0.000000
0.000000
0.000000
0.000000
0.000000
0.000000
0.000000
0.000000
0.000000
0.000000
0.000000
0.000000
0.000000
0.000000
0.000000
0.000000
0.000000
0.000000
0.000000
0.000000
0.000000
0.000000
0.000000
0.000000
0.000000
0.000000
0.000000
0.000000
0.000000
0.000000
0.000000
0.000000
0.000000
0.000000
0.000000
0.000000
0.000000
0.000000
0.000000
0.000000
0.000000
0.000000
0.000000
0.000000
0.000000
0.000000
0.000000
0.000000
0.000000
0.000000
0.000000
0.000000
0.000000
0.000000
0.000000
0.000000
0.000000
0.000000
0.000000
0.000000
0.000000
0.000000
0.000000
0.000000
0.000000
0.000000
0.000000
0.000000
0.000000
0.000000
0.000000
0.000000
0.000000
0.000000
0.000000
0.000000
0.000000
0.000000
0.000000
0.000000
0.000000
0.000000
0.000000
0.000000
0.000000
0.000000
0.000000
0.000000
0.000000
0.000000
0.000000
0.000000
0.000000
0.000000
0.000000
0.000000
0.000000
0.000000
0.000000
0.000000
0.000000
0.000000
0.000000
0.000000
0.000000
0.000000
0.000000
0.000000
0.000000
0.000000
0.000000
0.000000
0.000000
0.000000
0.000000
0.000000
0.000000
0.000000
0.000000
0.000000
0.000000
0.000000
0.000000
0.000000
0.000000
0.000000
0.000034
0.000000
0.000000
0.000000
0.000000
0.000000
0.000000
0.000000
0.000000
0.000000
0.000000
0.000000
0.000000
0.000000
0.000000
0.000000
0.000000
0.000000
0.000026
0.000018
0.000000
0.000000
0.000000
0.000000
0.000000
0.000000
0.000000
0.000022
0.000000
0.000000
0.000000
0.000000
0.000000
0.000000
0.000000
0.000000
0.000000
0.000023
0.000067
0.000027
0.000022
0.000028
0.000000
0.000030
0.000000
0.000000
0.000023
0.000000
0.000000
0.000018
0.000000
0.000000
0.000025
0.000028
0.000123
0.000067
0.000020
0.000000
0.000059
0.000092
0.000021
0.000086
0.000113
0.000084
0.000147
0.000219
0.000127
0.000070
0.000176
0.000104
0.000101
0.000118
0.000333
0.000354
0.000301
0.000137
0.000238
0.000294
0.000229
0.000120
0.000522
0.000350
0.000331
0.000550
0.000383
0.000356
0.000524
0.000854
0.000775
0.000575
0.000827
0.000885
0.000594
0.000693
0.001331
0.000860
0.000916
0.001165
0.001570
0.001269
0.001720
0.001342
0.001561
0.002282
0.001663
0.002107
0.002532
0.002146
0.002239
0.002769
0.002809
0.002677
0.003135
0.003291
0.002830
0.003336
0.003914
0.004596
0.005270
0.005255
0.004629
0.005532
0.005682
0.005648
0.007204
0.007735
0.007635
0.008400
0.008379
0.009450
0.010013
0.009761
0.011607
0.010519
0.013408
0.013035
0.014018
0.014143
0.016277
0.015462
0.017195
0.018835
0.019879
0.020789
0.021952
0.023249
0.022692
0.027130
0.026808
0.027350
0.030976
0.033162
0.031549
0.034638
0.037398
0.037318
0.041011
0.041915
0.043503
0.043089
0.046192
0.049553
0.048204
0.054503
0.056599
0.061355
0.063327
0.065850
0.064072
0.070538
0.075988
0.075952
0.075545
0.082788
0.087883
0.088047
0.091185
0.092217
0.106144
0.101046
0.103963
0.111737
0.120430
0.120662
0.117839
0.126702
0.130953
0.135911
0.148097
0.148050
0.151970
0.152778
0.157254
0.161960
0.171894
0.177811
0.177544
0.189278
0.191553
0.195640
0.200343
0.206162
0.216416
0.214285
0.224455
0.226566
0.235226
0.239765
0.245994
0.257048
0.253554
0.263611
0.265725
0.278370
0.282915
0.284076
0.293308
0.298611
0.310212
0.312989
0.316174
0.319171
0.329757
0.332418
0.341527
0.350029
0.354421
0.360500
0.361825
0.373141
0.377923
0.383344
0.391018
0.394716
0.406512
0.409912
0.416544
0.414514
0.422025
0.432126
0.437284
0.438843
0.443727
0.453908
0.456677
0.460034
0.466361
0.471646
0.476845
0.483437
0.491324
0.494641
0.496738
0.503137
0.507965
0.515192
0.513859
0.515744
0.525779
0.525788
0.536647
0.537625
0.541799
0.544084
0.544332
0.552947
0.553897
0.557779
0.563443
0.565690
0.572624
0.571709
0.579205
0.580819
0.583767
0.584237
0.591064
0.594238
0.598094
0.598046
0.603835
0.604513
0.609257
0.611641
0.614751
0.615500
0.619877
0.622001
0.625313
0.625677
0.630701
0.632412
0.636223
0.638101
0.636586
0.641288
0.643785
0.645094
0.649127
0.650449
0.651192
0.653463
0.656416
0.656108
0.660552
0.661662
0.664796
0.665924
0.668779
0.669740
0.671056
0.672185
0.674405
0.675080
0.677196
0.676551
0.680894
0.683222
0.684516
0.686459
0.686957
0.690428
0.691712
0.692939
0.694346
0.695603
0.697438
0.698400
0.700151
0.701568
0.703655
0.704784
0.706041
0.707584
0.708975
0.709886
0.712020
0.713328
0.714744
0.715546
0.716478
0.719054
0.719545
0.720817
0.722377
0.724225
0.725592
0.726721
0.727260
0.729155
0.730298
0.731427
0.732970
0.734634
0.734710
0.736121
0.738154
0.738907
0.740850
0.741858
0.743311
0.744674
0.745571
0.746538
0.747506
0.749072
0.750326
0.751387
0.752647
0.753950
0.754727
0.756371
0.757578
0.758252
0.759511
0.761026
0.762141
0.763068
0.764723
0.765550
0.766851
0.768080
0.769077
0.770142
0.770994
0.772755
0.773596
0.774336
0.775863
0.777232
0.777921
0.779579
0.780309
0.781067
0.782844
0.783757
0.784800
0.786188
0.786910
0.788374
0.789246
0.790414
0.791547
0.792650
0.793388
0.794541
0.795756
0.796941
0.797812
0.799502
0.800059
0.801558
0.801986
0.803172
0.804749
0.805929
0.806732
0.807303
0.808926
0.809750
0.810533
0.812047
0.813394
0.814211
0.815002
0.816490
0.817457
0.818221
0.819468
0.820780
0.821741
0.822452
0.823807
0.824963
0.825710
0.827146
0.827950
0.828819
0.829929
0.831022
0.831959
0.832918
0.834145
0.835257
0.836180
0.837178
0.838192
0.839108
0.840127
0.841589
0.842634
0.843612
0.844278
0.845498
0.846417
0.847543
0.848626
0.850018
0.850751
0.851760
0.852872
0.853934
0.854934
0.856027
0.857106
0.857998
0.859055
0.860019
0.860929
0.862114
0.862820
0.863867
0.865362
0.866171
0.867366
0.868352
0.869220
0.870374
0.871247
0.872116
0.873255
0.874384
0.875325
0.876235
0.877563
0.878312
0.879194
0.880205
0.881246
0.882496
0.883587
0.884632
0.885486
0.886549
0.887648
0.888679
0.889408
0.890330
0.891547
0.892715
0.893624
0.894772
0.895704
0.896849
0.897577
0.898586
0.899632
0.900845
0.901963
0.902651
0.903695
0.904581
0.905704
0.906765
0.907765
0.908949
0.909636
0.911077
0.912058
0.912771
0.913941
0.915088
0.915878
0.916865
0.917876
0.918670
0.919943
0.920740
0.921865
0.922909
0.923702
0.925146
0.925995
0.926855
0.927670
0.928900
0.929935
0.930698
0.931901
0.932946
0.934001
0.934849
0.936019
0.936888
0.938071
0.938871
0.939930
0.940818
0.942076
0.942895
0.944062
0.944858
0.945922
0.946878
0.947837
0.949056
0.950101
0.951120
0.951881
0.952985
0.954018
0.954990
0.956028
0.956909
0.957936
0.959033
0.960095
0.960940
0.961967
0.963114
0.963993
0.965085
0.966080
0.966846
0.967964
0.968858
0.969969
0.971117
0.971924
0.973020
0.974044
0.974992
0.976062
0.976988
0.977992
0.978983
0.979825
0.980965
0.982041
0.983042
0.983959
0.985000
0.986013
0.987078
0.987969
0.989033
0.990007
0.990988
0.992036
0.992960
0.994026
0.994996
0.995989
0.997038
0.998012
0.999017
