4.515883
4.664760
4.781307
4.893631
5.043980
5.190646
5.369826
5.455214
5.601311
5.797567
5.997576
6.100732
6.261065
6.494549
6.660598
6.856176
7.090612
7.274773
7.435378
7.712005
7.921727
8.156629
8.494452
8.700894
9.072693
9.254523
9.590909
9.935985
10.302746
10.585225
11.010287
11.325266
11.774910
12.255574
12.748541
13.121585
13.513249
14.163136
14.381919
15.201699
15.884307
16.368107
16.941368
17.880882
18.233191
19.340879
20.124434
21.115917
21.908913
22.901045
23.727259
25.059464
26.136513
27.436430
28.555843
29.765646
31.437485
33.220764
34.433319
35.864937
38.952076
40.837490
42.374058
45.108273
47.233936
50.269161
53.137474
56.434280
60.125366
63.691593
67.424034
71.695152
77.185059
81.001709
88.483231
92.206573
101.300217
107.419365
114.041039
124.251190
136.482529
140.801865
154.700882
163.399826
177.324402
193.461884
202.797104
225.029922
238.362411
251.545959
279.375916
302.663849
318.992401
341.592133
360.555237
400.305847
427.499756
455.095764
483.343384
518.905945
549.314087
579.716370
619.004578
651.783813
698.762146
730.813110
774.422852
801.346985
842.398193
870.472839
924.693787
951.006653
991.697021
1037.860474
1070.845459
1098.542480
1130.675293
1175.861206
1200.145020
1230.638672
1262.070557
1294.168579
1318.483887
1350.352173
1377.788452
1404.925903
1428.269653
1456.752930
1480.899292
1499.059204
1525.895630
1548.261841
1563.775391
1594.088867
1609.993286
1626.721191
1650.513184
1667.501221
1686.755493
1709.755493
1722.082764
1744.233032
1756.563843
1774.969727
1795.317627
1813.328247
1827.183472
1844.620850
1857.160889
1876.616089
1888.483643
1907.192627
1924.540771
1941.726562
1954.894531
1970.789307
1987.738037
2002.026611
2015.049683
2027.689209
2044.020752
2057.348145
2072.939453
2087.589355
2103.007812
2115.564941
2131.497314
2145.695557
2159.529785
2174.114258
2188.624756
2199.895996
2215.512695
2231.145264
2244.586914
2257.238281
2273.034668
2286.893066
2300.046387
2314.792480
2325.539795
2342.046387
2354.983154
2368.921875
2383.631348
2396.888916
2410.710449
2425.175537
2438.568115
2452.062256
2467.741699
2479.537842
2492.311279
2507.181885
2522.730225
2535.734863
2549.480713
2562.203613
2576.789551
2591.091309
