0.000000
0.000000
0.000000
0.000000
0.000000
0.000000
0.000000
0.000000
0.000000
0.000000
0.000000
0.000000
0.000000
0.000000
0.000000
0.000000
0.000000
0.000000
0.000000
0.000000
0.000000
0.000000
0.000000
0.000000
0.000000
0.000000
0.000000
0.000000
0.000000
0.000000
0.000000
0.000000
0.001000
0.000000
0.000000
0.000000
0.000000
0.000000
0.000000
0.000000
0.001000
0.000000
0.000000
0.000000
0.000000
0.000000
0.000000
0.000000
0.000000
0.000000
0.002000
0.001000
0.002000
0.000000
0.001000
0.000000
0.000000
0.002000
0.002000
0.001000
0.001000
0.002000
0.000000
0.000000
0.000000
0.000000
0.001000
0.003000
0.002000
0.004000
0.002000
0.002000
0.001000
0.002000
0.002000
0.004000
0.004000
0.003000
0.005000
0.005000
0.001000
0.004000
0.002000
0.005000
0.002000
0.004000
0.004000
0.009000
0.006000
0.008000
0.011000
0.009000
0.003000
0.008000
0.008000
0.010000
0.008000
0.010000
0.007000
0.012000
0.009000
0.007000
0.006000
0.015000
0.009000
0.014000
0.013000
0.016000
0.019000
0.010000
0.011000
0.015000
0.023000
0.020000
0.015000
0.016000
0.014000
0.021000
0.019000
0.027000
0.019000
0.025000
0.017000
0.023000
0.032000
0.020000
0.026000
0.029000
0.024000
0.024000
0.031000
0.022000
0.029000
0.033000
0.029000
0.032000
0.036000
0.033000
0.044000
0.040000
0.039000
0.041000
0.042000
0.036000
0.053000
0.048000
0.035000
0.054000
0.046000
0.052000
0.055000
0.050000
0.046000
0.056000
0.066000
0.048000
0.069000
0.069000
0.047000
0.061000
0.076000
0.077000
0.063000
0.076000
0.062000
0.084000
0.073000
0.085000
0.074000
0.096000
0.086000
0.094000
0.093000
0.089000
0.103000
0.098000
0.108000
0.092000
0.105000
0.102000
0.099000
0.112000
0.114000
0.111000
0.101000
0.111000
0.115000
0.109000
0.142000
0.142000
0.126000
0.125000
0.135000
0.128000
0.151000
0.161000
0.141000
0.135000
0.142000
0.149000
0.157000
0.163000
0.164000
0.150000
0.190000
0.172000
0.173000
0.186000
0.182000
0.185000
0.206000
0.206000
0.207000
0.203000
0.202000
0.208000
0.205000
0.205000
0.197000
0.226000
0.217000
0.216000
0.223000
0.239000
0.219000
0.252000
0.238000
0.274000
0.271000
0.254000
0.237000
0.254000
0.301000
0.249000
0.287000
0.311000
0.269000
0.289000
0.294000
0.288000
0.311000
0.315000
0.313000
0.316000
0.281000
0.285000
0.313000
0.339000
0.339000
0.308000
0.369000
0.325000
0.344000
0.346000
0.350000
0.378000
0.362000
0.374000
0.378000
0.375000
0.356000
0.361000
0.401000
0.412000
0.398000
0.415000
0.401000
0.449000
0.435000
0.425000
0.426000
0.422000
0.442000
0.439000
0.443000
0.468000
0.452000
0.443000
0.490000
0.467000
0.473000
0.481000
0.482000
0.504000
0.506000
0.537000
0.500000
0.534000
0.505000
0.490000
0.559000
0.516000
0.533000
0.520000
0.544000
0.560000
0.580000
0.577000
0.590000
0.576000
0.583000
0.562000
0.570000
0.568000
0.588000
0.596000
0.609000
0.598000
0.602000
0.617000
0.623000
0.635000
0.624000
0.632000
0.632000
0.612000
0.659000
0.625000
0.678000
0.661000
0.653000
0.659000
0.690000
0.675000
0.694000
0.681000
0.697000
0.677000
0.709000
0.713000
0.727000
0.722000
0.733000
0.722000
0.748000
0.755000
0.730000
0.756000
0.755000
0.757000
0.741000
0.776000
0.732000
0.784000
0.775000
0.765000
0.774000
0.788000
0.792000
0.782000
0.806000
0.810000
0.795000
0.830000
0.818000
0.797000
0.822000
0.811000
0.820000
0.812000
0.824000
0.854000
0.836000
0.844000
0.861000
0.852000
0.833000
0.852000
0.876000
0.861000
0.859000
0.872000
0.858000
0.870000
0.870000
0.893000
0.900000
0.882000
0.889000
0.874000
0.891000
0.903000
0.890000
0.924000
0.916000
0.894000
0.906000
0.907000
0.926000
0.936000
0.915000
0.919000
0.908000
0.935000
0.934000
0.927000
0.944000
0.941000
0.946000
0.938000
0.935000
0.939000
0.942000
0.950000
0.953000
0.955000
0.955000
0.951000
0.953000
0.947000
0.965000
0.960000
0.967000
0.971000
0.966000
0.962000
0.961000
0.967000
0.975000
0.965000
0.978000
0.965000
0.966000
0.973000
0.965000
0.975000
0.981000
0.981000
0.983000
0.985000
0.981000
0.982000
0.986000
0.987000
0.981000
0.993000
0.991000
0.992000
0.990000
0.995000
0.995000
0.988000
0.994000
0.991000
0.995000
0.995000
0.994000
0.990000
0.994000
0.992000
0.997000
0.992000
0.999000
0.998000
0.996000
0.995000
0.997000
0.997000
0.997000
0.996000
0.997000
0.996000
0.998000
0.997000
0.999000
1.000000
0.998000
0.995000
0.998000
0.999000
0.999000
1.000000
1.000000
0.999000
0.999000
1.000000
1.000000
1.000000
1.000000
1.000000
1.000000
1.000000
1.000000
1.000000
1.000000
1.000000
1.000000
1.000000
1.000000
1.000000
1.000000
1.000000
1.000000
1.000000
1.000000
1.000000
1.000000
1.000000
1.000000
1.000000
