0.000000
0.004500
0.009000
0.013500
0.018000
0.022500
0.027000
0.031500
0.036000
0.040500
0.045000
0.049500
0.054000
0.058500
0.063000
0.067500
0.072000
0.076500
0.081000
0.085500
0.090000
0.094500
0.099000
0.103500
0.108000
0.112500
0.117000
0.121500
0.126000
0.130500
0.135000
0.139500
0.144000
0.148500
0.153000
0.157500
0.162000
0.166500
0.171000
0.175500
0.180000
0.184500
0.189000
0.193500
0.198000
0.202500
0.207000
0.211500
0.216000
0.220500
0.225000
0.229500
0.234000
0.238500
0.243000
0.247500
0.252000
0.256500
0.261000
0.265500
0.270000
0.274500
0.279000
0.283500
0.288000
0.292500
0.297000
0.301500
0.306000
0.310500
0.315000
0.319500
0.324000
0.328500
0.333000
0.337500
0.342000
0.346500
0.351000
0.355500
0.360000
0.364500
0.369000
0.373500
0.378000
0.382500
0.387000
0.391500
0.396000
0.400500
0.405000
0.409500
0.414000
0.418500
0.423000
0.427500
0.432000
0.436500
0.441000
0.445500
0.450000
0.454500
0.459000
0.463500
0.468000
0.472500
0.477000
0.481500
0.486000
0.490500
0.495000
0.499500
0.504000
0.508500
0.513000
0.517500
0.522000
0.526500
0.531000
0.535500
0.540000
0.544500
0.549000
0.553500
0.558000
0.562500
0.567000
0.571500
0.576000
0.580500
0.585000
0.589500
0.594000
0.598500
0.603000
0.607500
0.612000
0.616500
0.621000
0.625500
0.630000
0.634500
0.639000
0.643500
0.648000
0.652500
0.657000
0.661500
0.666000
0.670500
0.675000
0.679500
0.684000
0.688500
0.693000
0.697500
0.702000
0.706500
0.711000
0.715500
0.720000
0.724500
0.729000
0.733500
0.738000
0.742500
0.747000
0.751500
0.756000
0.760500
0.765000
0.769500
0.774000
0.778500
0.783000
0.787500
0.792000
0.796500
0.801000
0.805500
0.810000
0.814500
0.819000
0.823500
0.828000
0.832500
0.837000
0.841500
0.846000
0.850500
0.855000
0.859500
0.864000
0.868500
0.873000
0.877500
0.882000
0.886500
0.891000
0.895500
