0.000000
0.000000
0.000000
0.000000
0.000000
0.000000
0.000000
0.000000
0.000000
0.000000
0.000000
0.000000
0.000000
0.000000
0.000000
0.000000
0.000000
0.000000
0.000000
0.000000
0.000000
0.000000
0.000000
0.000000
0.000000
0.000000
0.000000
0.000000
0.000000
0.000000
0.000000
0.000000
0.000000
0.000000
0.000000
0.000000
0.000000
0.000000
0.000000
0.000000
0.000000
0.000000
0.000000
0.000000
0.000000
0.000000
0.000000
0.000000
0.000000
0.000000
0.000000
0.000000
0.000000
0.000000
0.000000
0.000000
0.000000
0.000000
0.000000
0.000000
0.000000
0.000000
0.000000
0.000000
0.000000
0.000000
0.000000
0.000000
0.000000
0.000000
0.000000
0.000000
0.000000
0.000000
0.000000
0.000000
0.000000
0.000000
0.000000
0.000000
0.000000
0.000000
0.000000
0.000000
0.000000
0.000000
0.000000
0.000000
0.000000
0.000000
0.000000
0.000000
0.000000
0.000000
0.000000
0.000000
0.000000
0.000000
0.000000
0.000000
0.000000
0.000000
0.000000
0.000000
0.000203
0.000000
0.000000
0.000219
0.000000
0.000000
0.000219
0.000000
0.000000
0.000000
0.000172
0.000000
0.000000
0.000422
0.000203
0.000000
0.000000
0.000000
0.000188
0.000484
0.000188
0.000000
0.000344
0.000172
0.000172
0.000000
0.000000
0.000156
0.000000
0.000172
0.000297
0.000266
0.000328
0.000250
0.000203
0.001297
0.000609
0.000219
0.000188
0.000469
0.001641
0.000000
0.000969
0.000906
0.001547
0.001297
0.000703
0.000766
0.000438
0.000594
0.000797
0.001141
0.001766
0.000469
0.001984
0.002266
0.000859
0.000391
0.002781
0.003563
0.002438
0.001922
0.001688
0.002563
0.001797
0.002125
0.001672
0.003422
0.002406
0.000828
0.005563
0.004406
0.003828
0.004328
0.004922
0.003828
0.007922
0.004000
0.007250
0.005375
0.008484
0.007375
0.004719
0.007297
0.006531
0.007375
0.007953
0.007234
0.011375
0.007578
0.012656
0.010297
0.009813
0.013312
0.009750
0.016172
0.010906
0.012609
0.018094
0.014281
0.016734
0.018203
0.018000
0.019859
0.017562
0.021187
0.019516
0.023016
0.023500
0.023062
0.022891
0.019437
0.031672
0.027594
0.029875
0.027250
0.031234
0.023250
0.034187
0.031766
0.032641
0.036234
0.029844
0.036953
0.044422
0.036063
0.040484
0.040078
0.055422
0.052734
0.052641
0.050750
0.047359
0.062859
0.056281
0.061828
0.065453
0.062047
0.069031
0.063844
0.070141
0.072422
0.067313
0.085625
0.066703
0.083828
0.086828
0.084734
0.080328
0.090578
0.093906
0.101906
0.100234
0.109844
0.102547
0.106641
0.113672
0.119500
0.122844
0.128016
0.125203
0.127234
0.119125
0.144234
0.143875
0.145031
0.139125
0.143875
0.161828
0.154859
0.172453
0.157250
0.170125
0.204375
0.167844
0.182344
0.180875
0.195875
0.192391
0.193969
0.202516
0.211734
0.205547
0.218688
0.225828
0.223969
0.220406
0.233125
0.234313
0.239359
0.258453
0.259422
0.261500
0.270344
0.259187
0.270859
0.281312
0.294578
0.297922
0.302938
0.299469
0.305078
0.329391
0.326828
0.318594
0.325406
0.345984
0.358781
0.352375
0.352094
0.352891
0.361641
0.391813
0.386844
0.383703
0.377328
0.398766
0.401812
0.409422
0.419484
0.428313
0.422000
0.429359
0.452859
0.461141
0.452812
0.452234
0.466563
0.475578
0.449484
0.483656
0.487188
0.498766
0.506891
0.506984
0.512937
0.512609
0.514984
0.521187
0.529766
0.527844
0.535312
0.553641
0.542141
0.566156
0.561234
0.562766
0.567125
0.585750
0.577438
0.583125
0.598453
0.607859
0.615375
0.616813
0.617844
0.627125
0.620359
0.628109
0.626437
0.631375
0.644281
0.658875
0.648156
0.648625
0.654359
0.655766
0.670844
0.658750
0.680766
0.677344
0.686547
0.690234
0.687859
0.698125
0.709531
0.707906
0.709844
0.712812
0.728297
0.721031
0.725984
0.730281
0.729344
0.737328
0.743563
0.740469
0.748016
0.743828
0.750203
0.753766
0.756766
0.764234
0.764938
0.767156
0.778531
0.779813
0.777313
0.782328
0.783469
0.792672
0.792172
0.795031
0.798016
0.797312
0.801437
0.807125
0.802922
0.809516
0.814594
0.814672
0.816609
0.824125
0.819422
0.827328
0.823266
0.832266
0.832937
0.836828
0.842250
0.838156
0.843047
0.842750
0.850844
0.845500
0.848328
0.853750
0.856922
0.859016
0.861656
0.867547
0.867203
0.870516
0.868531
0.872578
0.873266
0.877641
0.878016
0.880406
0.882891
0.883484
0.889297
0.891016
0.891531
0.893359
0.895453
0.899516
0.901047
0.904875
0.907031
0.907875
0.909672
0.913344
0.912578
0.915375
0.916969
0.917516
0.921625
0.923031
0.926141
0.925984
0.929031
0.930922
0.933531
0.935797
0.937937
0.938859
0.940781
0.944094
0.945375
0.946578
0.949375
0.952172
0.954297
0.955375
0.958359
0.959750
0.961109
0.964156
0.966250
0.968750
0.968406
0.972422
0.973891
0.975062
0.977891
0.980109
0.981750
0.983016
0.985875
0.987828
0.989953
0.992375
0.994328
0.995578
0.997969
