0.000000
0.005110
0.010390
0.016008
0.021708
0.027652
0.033899
0.040500
0.047048
0.054235
0.061580
0.069283
0.077191
0.085257
0.094230
0.103098
0.112735
0.122313
0.132166
0.143592
0.154675
0.166042
0.178289
0.190468
0.204283
0.218111
0.232557
0.247123
0.262440
0.278864
0.296300
0.315045
0.333133
0.352185
0.372773
0.395153
0.416745
0.440087
0.464998
0.491570
0.518080
0.545564
0.575679
0.608585
0.638201
0.672658
0.709827
0.747976
0.789243
0.830461
0.874164
0.917945
0.968896
1.021832
1.073155
1.131339
1.192606
1.254317
1.318764
1.394940
1.469793
1.553114
1.642199
1.727779
1.817500
1.923217
2.028209
2.146556
2.276614
2.411319
2.553792
2.706909
2.870179
3.027472
3.224120
3.412260
3.660219
3.884981
4.140947
4.417423
4.724299
5.042363
5.406397
5.772015
6.238208
6.698505
7.199466
7.788174
8.452766
9.115191
9.823612
10.879118
11.761168
12.963344
14.049325
15.580445
17.056433
18.863577
21.493546
23.716537
27.015938
30.498365
34.647228
39.739975
45.969734
52.546295
62.279816
72.861427
87.213524
108.199783
131.488449
166.571106
208.784332
265.869843
326.937286
405.850555
479.198456
513.498657
549.993713
526.595642
412.825653
350.815277
256.440613
115.747711
73.915573
37.966091
30.583172
12.735894
6.484855
2.932730
1.933604
1.408235
0.950798
0.734744
0.567654
0.474669
0.346130
0.258776
0.215119
0.182160
0.128550
0.142302
0.090118
0.076981
0.063998
0.058461
0.043322
0.034813
0.029665
0.025681
0.021817
0.018453
0.017064
0.014381
0.011945
0.010991
0.008168
0.007165
0.006846
0.005512
0.004804
0.003919
0.003263
0.003086
0.002381
0.002182
0.001870
0.001609
0.001472
0.001212
0.001016
0.000832
0.000707
0.000588
0.000476
0.000460
0.000362
0.000328
0.000231
0.000216
0.000167
0.000129
0.000114
0.000083
0.000069
0.000060
0.000049
0.000031
0.000028
0.000016
0.000011
0.000009
0.000004
0.000003
0.000002
0.000001
0.000000
0.000000
0.000000
0.000000
