0.000000
0.000000
0.000000
0.000000
0.000000
0.000000
0.000000
0.000000
0.000000
0.000000
0.000000
0.000000
0.000000
0.000000
0.000000
0.000000
0.000000
0.000000
0.000000
0.000000
0.000000
0.000000
0.000000
0.000000
0.000000
0.000000
0.000000
0.000000
0.000000
0.000000
0.000000
0.000000
0.000000
0.000000
0.000000
0.000000
0.000000
0.000000
0.000000
0.000000
0.000000
0.000000
0.000000
0.000000
0.000000
0.000000
0.000000
0.000000
0.000000
0.000000
0.000000
0.000000
0.000000
0.000000
0.000000
0.000000
0.000000
0.000000
0.000000
0.000000
0.000000
0.000000
0.000000
0.000000
0.000000
0.000000
0.000000
0.000000
0.000000
0.000000
0.000000
0.000000
0.000000
0.000000
0.000000
0.000000
0.000000
0.000000
0.000000
0.000000
0.000000
0.000000
0.000000
0.000000
0.000000
0.000000
0.000000
0.000000
0.000000
0.000000
0.000000
0.000000
0.000000
0.000000
0.000000
0.000000
0.000000
0.000000
0.000000
0.000000
0.000000
0.000000
0.000000
0.000000
0.000000
0.000000
0.000000
0.000000
0.000000
0.000000
0.000000
0.000000
0.000000
0.000000
0.000000
0.000000
0.000000
0.000000
0.000000
0.000000
0.000000
0.000000
0.000000
0.000000
0.000000
0.000000
0.000000
0.000000
0.000000
0.000000
0.000000
0.000000
0.000000
0.000000
0.000000
0.000000
0.000000
0.000000
0.000000
0.000000
0.000000
0.000000
0.000000
0.000000
0.000000
0.000000
0.000000
0.000000
0.000000
0.000000
0.000000
0.000000
0.000000
0.000000
0.000000
0.000000
0.000000
0.000145
0.000000
0.000000
0.000000
0.000000
0.000000
0.000000
0.000000
0.000000
0.000000
0.000000
0.000000
0.000000
0.000000
0.000000
0.000000
0.000000
0.000000
0.000000
0.000000
0.000000
0.000000
0.000000
0.000000
0.000000
0.000000
0.000000
0.000000
0.000000
0.000000
0.000168
0.000168
0.000199
0.000000
0.000000
0.000000
0.000000
0.000238
0.000293
0.000000
0.000539
0.000996
0.001250
0.000863
0.000234
0.000609
0.000172
0.000352
0.000609
0.000590
0.002004
0.000723
0.000992
0.000676
0.001168
0.001117
0.001629
0.001348
0.001680
0.001594
0.001246
0.001590
0.002961
0.003445
0.002172
0.002344
0.005039
0.003766
0.004859
0.003590
0.003551
0.006262
0.004621
0.007691
0.005871
0.009082
0.007566
0.008574
0.008805
0.007754
0.011047
0.010035
0.013809
0.014742
0.010875
0.012582
0.015004
0.018051
0.017875
0.018336
0.023883
0.021535
0.019211
0.027461
0.026301
0.026320
0.029332
0.029262
0.032047
0.036191
0.030160
0.049688
0.047656
0.044859
0.050172
0.048926
0.047332
0.058984
0.071340
0.059727
0.063211
0.061777
0.075535
0.073781
0.074363
0.075762
0.090637
0.091785
0.095348
0.103020
0.111102
0.108973
0.113789
0.129637
0.132070
0.131410
0.133484
0.140801
0.146055
0.158355
0.169633
0.165293
0.180410
0.190805
0.178969
0.194711
0.192605
0.211008
0.214781
0.224172
0.236988
0.253930
0.249711
0.255465
0.263680
0.264086
0.275160
0.280254
0.290699
0.309336
0.314137
0.299723
0.330711
0.337090
0.354523
0.350340
0.338098
0.369156
0.378785
0.389855
0.387988
0.410461
0.417332
0.420852
0.431773
0.430723
0.440793
0.452531
0.457293
0.462590
0.470727
0.483199
0.502098
0.501520
0.512738
0.507000
0.517945
0.528836
0.537531
0.534527
0.530023
0.557461
0.550109
0.573648
0.555145
0.581664
0.585879
0.596949
0.598570
0.608398
0.604258
0.617242
0.620574
0.628211
0.633383
0.636457
0.638590
0.656047
0.648711
0.648684
0.654691
0.660613
0.662305
0.670551
0.675172
0.675027
0.684578
0.685867
0.696023
0.690555
0.693000
0.703059
0.704293
0.707914
0.714477
0.719914
0.717434
0.722762
0.724734
0.725180
0.730141
0.735676
0.737922
0.742453
0.744684
0.747668
0.752156
0.753172
0.749785
0.756910
0.760414
0.762785
0.765437
0.765680
0.771168
0.773652
0.775320
0.778926
0.779797
0.783883
0.786742
0.787129
0.790918
0.791473
0.793688
0.797746
0.796797
0.800539
0.801934
0.806539
0.808117
0.809215
0.812133
0.814633
0.816938
0.818918
0.820453
0.823883
0.826105
0.827898
0.831668
0.832168
0.834164
0.837859
0.838941
0.840508
0.842137
0.845332
0.847363
0.848328
0.851969
0.854117
0.855730
0.857660
0.859355
0.862234
0.864137
0.865617
0.868984
0.870637
0.871691
0.874922
0.876496
0.879262
0.880520
0.883086
0.884059
0.887660
0.888340
0.892059
0.893566
0.895207
0.897234
0.899133
0.901465
0.903402
0.906207
0.908168
0.910867
0.911656
0.913047
0.916445
0.918156
0.919867
0.922086
0.923629
0.926125
0.928172
0.929203
0.930957
0.934141
0.936145
0.938715
0.940266
0.941707
0.943848
0.946105
0.947801
0.949488
0.952176
0.953367
0.954969
0.957910
0.959645
0.962727
0.964277
0.965879
0.968566
0.970285
0.973195
0.974301
0.975445
0.977621
0.980020
0.982039
0.983871
0.985988
0.987793
0.989922
0.992059
0.993895
0.995742
0.998207
