0.000000
0.000000
0.000000
0.000000
0.000000
0.000000
0.000000
0.000000
0.000000
0.000000
0.000000
0.000000
0.000000
0.000000
0.000000
0.000000
0.000000
0.000000
0.000000
0.000000
0.000000
0.000000
0.000000
0.000000
0.000000
0.000000
0.000000
0.000000
0.000000
0.000000
0.000000
0.000000
0.000000
0.000000
0.000000
0.000000
0.000000
0.000000
0.000000
0.000000
0.000000
0.000000
0.000000
0.000000
0.000000
0.000000
0.000000
0.000000
0.000000
0.000000
0.000000
0.000000
0.000000
0.000000
0.000000
0.000000
0.000000
0.000000
0.000000
0.012623
0.000000
0.000000
0.000000
0.000000
0.025246
0.000000
0.037869
0.012623
0.012623
0.037869
0.100985
0.050492
0.126231
0.151477
0.113608
0.176723
0.340823
0.239838
0.366069
0.517546
0.542792
0.706892
0.681646
0.807877
0.971977
1.072961
1.287554
1.388538
1.540015
1.805100
2.019692
2.120677
2.347892
2.398384
2.373138
2.436254
2.777076
2.436254
2.840192
3.029538
2.840192
2.764453
3.155769
2.878061
2.612977
2.676092
2.537238
2.461500
2.423630
2.221661
1.994446
1.906084
1.969200
1.779854
1.741984
1.312800
1.350669
1.211815
1.148700
0.921484
0.757385
0.643777
0.770008
0.504923
0.681646
0.391315
0.353446
0.366069
0.189346
0.265085
0.201969
0.126231
0.176723
0.113608
0.100985
0.075738
0.050492
0.088362
0.025246
0.063115
0.037869
0.025246
0.025246
0.050492
0.012623
0.012623
0.000000
0.000000
0.025246
0.025246
0.000000
0.000000
0.000000
0.012623
0.000000
0.000000
0.000000
0.000000
0.000000
0.000000
0.000000
0.000000
0.000000
0.000000
0.000000
0.000000
0.000000
0.000000
0.000000
0.000000
0.000000
0.000000
0.000000
0.000000
0.000000
0.000000
0.000000
0.000000
0.000000
0.000000
0.000000
0.000000
0.000000
0.000000
0.000000
0.000000
0.000000
0.000000
0.000000
0.000000
0.000000
0.000000
0.000000
0.000000
0.000000
0.000000
0.000000
0.000000
0.000000
0.000000
