0.000000
0.000000
0.000000
0.000000
0.000000
0.000000
0.000000
0.000000
0.000000
0.000000
0.000000
0.000000
0.000000
0.000000
0.000000
0.000000
0.000000
0.000000
0.000000
0.000000
0.000000
0.000000
0.000000
0.000000
0.000000
0.000000
0.000000
0.000000
0.000000
0.000000
0.000000
0.000000
0.000000
0.000000
0.000000
0.000000
0.000000
0.000000
0.000000
0.000000
0.000000
0.000000
0.000000
0.000000
0.000000
0.000000
0.000000
0.000000
0.000000
0.000000
0.000000
0.000000
0.000000
0.000000
0.000000
0.000000
0.000000
0.000000
0.000000
0.000000
0.000000
0.000000
0.000000
0.000000
0.000000
0.000000
0.000000
0.000000
0.000000
0.000000
0.000000
0.000000
0.000000
0.000000
0.000000
0.000000
0.000000
0.000000
0.000000
0.000000
0.000000
0.000000
0.000000
0.000000
0.000000
0.000000
0.000000
0.000000
0.000000
0.000000
0.000000
0.000000
0.000000
0.000000
0.000000
0.000000
0.000000
0.000000
0.000000
0.000000
0.000000
0.001000
0.000000
0.000000
0.000000
0.000000
0.000000
0.000000
0.000000
0.000000
0.001000
0.000000
0.002000
0.000000
0.000000
0.000000
0.000000
0.001000
0.001000
0.000000
0.001000
0.000000
0.001000
0.002000
0.000000
0.002000
0.003000
0.000000
0.000000
0.001000
0.001000
0.001000
0.002000
0.000000
0.002000
0.000000
0.002000
0.000000
0.004000
0.000000
0.002000
0.001000
0.006000
0.006000
0.002000
0.002000
0.003000
0.002000
0.005000
0.001000
0.002000
0.006000
0.008000
0.004000
0.006000
0.007000
0.004000
0.007000
0.005000
0.004000
0.001000
0.011000
0.011000
0.007000
0.005000
0.004000
0.012000
0.007000
0.009000
0.011000
0.014000
0.016000
0.012000
0.011000
0.006000
0.008000
0.013000
0.021000
0.011000
0.012000
0.010000
0.016000
0.021000
0.016000
0.021000
0.029000
0.018000
0.027000
0.021000
0.025000
0.022000
0.030000
0.022000
0.028000
0.032000
0.033000
0.036000
0.035000
0.054000
0.050000
0.045000
0.044000
0.036000
0.038000
0.050000
0.051000
0.051000
0.057000
0.051000
0.056000
0.050000
0.065000
0.060000
0.046000
0.066000
0.077000
0.073000
0.072000
0.089000
0.081000
0.075000
0.079000
0.086000
0.105000
0.103000
0.100000
0.082000
0.111000
0.121000
0.126000
0.121000
0.144000
0.130000
0.117000
0.133000
0.131000
0.132000
0.141000
0.161000
0.149000
0.178000
0.154000
0.168000
0.175000
0.200000
0.171000
0.151000
0.205000
0.180000
0.214000
0.205000
0.224000
0.215000
0.213000
0.216000
0.224000
0.257000
0.264000
0.258000
0.257000
0.301000
0.299000
0.254000
0.297000
0.278000
0.286000
0.295000
0.334000
0.306000
0.310000
0.323000
0.325000
0.376000
0.326000
0.354000
0.374000
0.392000
0.396000
0.376000
0.406000
0.394000
0.427000
0.434000
0.465000
0.428000
0.421000
0.479000
0.475000
0.453000
0.472000
0.500000
0.499000
0.494000
0.482000
0.512000
0.537000
0.527000
0.535000
0.522000
0.526000
0.557000
0.555000
0.559000
0.583000
0.619000
0.620000
0.593000
0.633000
0.639000
0.618000
0.628000
0.618000
0.646000
0.680000
0.648000
0.672000
0.683000
0.700000
0.689000
0.702000
0.720000
0.727000
0.707000
0.722000
0.750000
0.734000
0.739000
0.760000
0.766000
0.785000
0.742000
0.791000
0.795000
0.777000
0.808000
0.797000
0.817000
0.809000
0.817000
0.819000
0.843000
0.827000
0.844000
0.849000
0.850000
0.837000
0.865000
0.865000
0.870000
0.870000
0.872000
0.884000
0.886000
0.883000
0.882000
0.912000
0.904000
0.915000
0.918000
0.909000
0.930000
0.919000
0.913000
0.928000
0.927000
0.937000
0.927000
0.923000
0.940000
0.940000
0.943000
0.949000
0.951000
0.956000
0.952000
0.958000
0.963000
0.961000
0.958000
0.962000
0.961000
0.970000
0.965000
0.969000
0.972000
0.973000
0.978000
0.978000
0.973000
0.980000
0.972000
0.976000
0.977000
0.987000
0.985000
0.989000
0.990000
0.985000
0.986000
0.994000
0.985000
0.993000
0.992000
0.991000
0.982000
0.989000
0.989000
0.996000
0.995000
0.996000
0.994000
0.995000
0.998000
0.995000
0.994000
0.997000
0.998000
0.995000
0.998000
1.000000
1.000000
0.997000
0.997000
0.999000
1.000000
0.998000
0.999000
0.999000
0.999000
1.000000
0.999000
1.000000
1.000000
1.000000
0.998000
0.999000
1.000000
0.999000
1.000000
1.000000
1.000000
1.000000
1.000000
1.000000
1.000000
1.000000
1.000000
1.000000
1.000000
1.000000
1.000000
1.000000
1.000000
1.000000
1.000000
1.000000
1.000000
1.000000
1.000000
1.000000
1.000000
1.000000
1.000000
1.000000
1.000000
1.000000
1.000000
1.000000
1.000000
1.000000
1.000000
1.000000
1.000000
1.000000
1.000000
1.000000
1.000000
1.000000
1.000000
1.000000
1.000000
1.000000
1.000000
1.000000
1.000000
1.000000
1.000000
1.000000
1.000000
1.000000
1.000000
1.000000
1.000000
1.000000
1.000000
1.000000
1.000000
1.000000
1.000000
1.000000
