0.000000
0.000000
0.000000
0.000000
0.000000
0.000000
0.000000
0.000000
0.000000
0.000000
0.000000
0.000000
0.000000
0.000000
0.000000
0.000000
0.000000
0.000000
0.000000
0.000000
0.000000
0.000000
0.000000
0.000000
0.000000
0.000000
0.000000
0.000000
0.000000
0.000000
0.000000
0.000000
0.000000
0.000000
0.000000
0.000000
0.000000
0.000000
0.000000
0.000000
0.000000
0.000000
0.000000
0.000000
0.000000
0.000000
0.000000
0.000000
0.000000
0.000000
0.000000
0.000000
0.000000
0.000000
0.000000
0.000000
0.000000
0.000000
0.000000
0.000000
0.000000
0.000000
0.000000
0.000000
0.000000
0.000000
0.000000
0.000000
0.000000
0.000000
0.000000
0.000000
0.000000
0.041982
0.000000
0.041982
0.041982
0.000000
0.000000
0.000000
0.000000
0.000000
0.041982
0.083963
0.083963
0.125945
0.167926
0.209908
0.461797
0.377834
0.377834
0.587741
0.965575
1.217464
0.965575
1.133501
1.091520
1.679261
1.889169
1.763224
2.183039
2.267003
2.392947
2.686818
2.015113
1.805206
2.644836
1.889169
1.973132
2.267003
1.721243
2.057095
1.385390
1.511335
1.973132
1.175483
1.385390
1.343409
1.469354
1.049538
0.839631
0.503778
0.881612
0.293871
0.629723
0.335852
0.125945
0.251889
0.125945
0.167926
0.041982
0.125945
0.125945
0.167926
0.000000
0.041982
0.125945
0.000000
0.000000
0.083963
0.000000
0.041982
0.000000
0.000000
0.000000
0.000000
0.000000
0.000000
0.000000
0.000000
0.000000
0.000000
0.000000
0.000000
0.000000
0.000000
0.000000
0.000000
0.000000
0.000000
0.000000
0.000000
0.000000
0.000000
0.000000
0.000000
0.000000
0.000000
0.000000
0.000000
0.000000
0.000000
0.000000
0.000000
0.000000
0.000000
0.000000
0.000000
0.000000
0.000000
0.000000
0.000000
0.000000
0.000000
0.000000
0.000000
0.000000
0.000000
0.000000
0.000000
0.000000
0.000000
0.000000
0.000000
0.000000
0.000000
0.000000
0.000000
0.000000
0.000000
