0.000000
0.005236
0.009083
0.015708
0.020069
0.027667
0.032125
0.039111
0.046014
0.051972
0.061417
0.067028
0.076736
0.082611
0.092139
0.099681
0.110111
0.118708
0.122056
0.133472
0.140778
0.151486
0.165722
0.172667
0.187333
0.200194
0.208444
0.225125
0.230431
0.255472
0.263125
0.270819
0.287625
0.305611
0.318861
0.323194
0.344833
0.372500
0.381486
0.408847
0.432472
0.444528
0.467347
0.467194
0.489278
0.530958
0.566736
0.575139
0.608055
0.622278
0.642111
0.689556
0.704194
0.758694
0.735653
0.778375
0.812389
0.850014
0.885472
0.942903
0.956153
1.015111
1.011083
1.083917
1.118180
1.128153
1.195722
1.228278
1.248986
1.330680
1.340639
1.364097
1.413208
1.415750
1.448333
1.535722
1.605139
1.647180
1.709861
1.714944
1.745764
1.796861
1.877736
1.970111
1.872750
1.944597
2.019792
2.025403
2.104792
2.079875
2.187833
2.252556
2.316417
2.291139
2.200944
2.291334
2.369583
2.395069
2.398361
2.425805
2.445667
2.481777
2.506542
2.443208
2.540041
2.527541
2.634750
2.577930
2.594944
2.527361
2.614542
2.540611
2.521958
2.555194
2.544694
2.598875
2.499361
2.561708
2.448680
2.324139
2.273667
2.259222
2.327569
2.242278
2.187541
2.148361
2.077333
2.083806
2.048847
2.006069
1.914778
1.913764
1.859611
1.667333
1.697555
1.577195
1.602708
1.411056
1.418139
1.347778
1.425972
1.227611
1.103889
1.230486
1.060083
1.027500
1.085903
0.890514
0.818542
0.823333
0.749722
0.626028
0.661056
0.606069
0.546292
0.425625
0.363861
0.433639
0.394486
0.395583
0.297306
0.266875
0.199278
0.182917
0.173583
0.205722
0.139111
0.113222
0.117375
0.123250
0.076819
0.099889
0.071292
0.031486
0.028236
0.039000
0.049764
0.044083
0.012972
0.011069
0.012472
0.004556
0.005028
0.002167
0.001694
0.012139
0.008014
0.008167
0.001681
0.000833
0.001056
0.000389
0.000500
0.000208
0.000083
0.000417
0.000056
0.000000
0.000000
0.000000
